cmd_0_0_src04_hrc00_640x480_yuv422p_vs_src_4_hrc28_640x480_yuv422p_q_640x480aggregate: 49.4907512629

cmd_0_1_src04_hrc00_640x480_yuv422p_vs_src_4_hrc10_640x480_yuv422p_q_640x480aggregate: 80.3985815928

cmd_0_2_src04_hrc00_640x480_yuv422p_vs_src_4_hrc3_640x480_yuv422p_q_640x480aggregate: 80.8126571337

cmd_0_3_src04_hrc00_640x480_yuv422p_vs_src_4_hrc7_640x480_yuv422p_q_640x480aggregate: 69.4570972042

cmd_0_4_src04_hrc00_640x480_yuv422p_vs_src_4_hrc18_640x480_yuv422p_q_640x480aggregate: 59.0309366431

cmd_0_5_src04_hrc00_640x480_yuv422p_vs_src_4_hrc13_640x480_yuv422p_q_640x480aggregate: 90.4564749319

cmd_0_6_src04_hrc00_640x480_yuv422p_vs_src_4_hrc9_640x480_yuv422p_q_640x480aggregate: 90.5010063699

cmd_0_7_src04_hrc00_640x480_yuv422p_vs_src_4_hrc15_640x480_yuv422p_q_640x480aggregate: 61.6638610241

cmd_0_8_src04_hrc00_640x480_yuv422p_vs_src_4_hrc19_640x480_yuv422p_q_640x480aggregate: 43.1094015855

cmd_0_9_src04_hrc00_640x480_yuv422p_vs_src_4_hrc21_640x480_yuv422p_q_640x480aggregate: 91.603202458

cmd_0_10_src04_hrc00_640x480_yuv422p_vs_src_4_hrc23_640x480_yuv422p_q_640x480aggregate: 61.884771641

cmd_0_11_src04_hrc00_640x480_yuv422p_vs_src_4_hrc11_640x480_yuv422p_q_640x480aggregate: 63.5458694444

cmd_0_12_src04_hrc00_640x480_yuv422p_vs_src_4_hrc6_640x480_yuv422p_q_640x480aggregate: 82.0432975471

cmd_0_13_src04_hrc00_640x480_yuv422p_vs_src_4_hrc22_640x480_yuv422p_q_640x480aggregate: 81.5335037552

cmd_0_14_src04_hrc00_640x480_yuv422p_vs_src_4_hrc1_640x480_yuv422p_q_640x480aggregate: 91.3517604035

cmd_0_15_src04_hrc00_640x480_yuv422p_vs_src_4_hrc20_640x480_yuv422p_q_640x480aggregate: 27.093835137

cmd_0_16_src04_hrc00_640x480_yuv422p_vs_src_4_hrc2_640x480_yuv422p_q_640x480aggregate: 84.1818206392

cmd_0_17_src04_hrc00_640x480_yuv422p_vs_src_4_hrc8_640x480_yuv422p_q_640x480aggregate: 66.301131457

cmd_0_18_src04_hrc00_640x480_yuv422p_vs_src_4_hrc5_640x480_yuv422p_q_640x480aggregate: 90.8537227825

cmd_0_19_src04_hrc00_640x480_yuv422p_vs_src_4_hrc4_640x480_yuv422p_q_640x480aggregate: 77.6920886239

cmd_0_20_src04_hrc00_640x480_yuv422p_vs_src_4_hrc12_640x480_yuv422p_q_640x480aggregate: 48.2944251755

cmd_0_21_src04_hrc00_640x480_yuv422p_vs_src_4_hrc16_640x480_yuv422p_q_640x480aggregate: 40.0973871266

cmd_0_22_src04_hrc00_640x480_yuv422p_vs_src_4_hrc17_640x480_yuv422p_q_640x480aggregate: 68.4968637442

cmd_0_23_src04_hrc00_640x480_yuv422p_vs_src_4_hrc24_640x480_yuv422p_q_640x480aggregate: 38.7388474626

cmd_0_24_src04_hrc00_640x480_yuv422p_vs_src_4_hrc14_640x480_yuv422p_q_640x480aggregate: 80.1266824465

