cmd_0_0_src07_hrc00_640x480_yuv422p_vs_src_7_hrc10_640x480_yuv422p_q_640x480aggregate: 83.3325928436

cmd_0_1_src07_hrc00_640x480_yuv422p_vs_src_7_hrc3_640x480_yuv422p_q_640x480aggregate: 79.0469968918

cmd_0_2_src07_hrc00_640x480_yuv422p_vs_src_7_hrc7_640x480_yuv422p_q_640x480aggregate: 72.2993020012

cmd_0_3_src07_hrc00_640x480_yuv422p_vs_src_7_hrc13_640x480_yuv422p_q_640x480aggregate: 91.6877980246

cmd_0_4_src07_hrc00_640x480_yuv422p_vs_src_7_hrc11_640x480_yuv422p_q_640x480aggregate: 68.4800930683

cmd_0_5_src07_hrc00_640x480_yuv422p_vs_src_7_hrc20_640x480_yuv422p_q_640x480aggregate: 28.2750774953

cmd_0_6_src07_hrc00_640x480_yuv422p_vs_src_7_hrc2_640x480_yuv422p_q_640x480aggregate: 85.7978634247

cmd_0_7_src07_hrc00_640x480_yuv422p_vs_src_7_hrc16_640x480_yuv422p_q_640x480aggregate: 46.8146014126

cmd_0_8_src07_hrc00_640x480_yuv422p_vs_src_7_hrc8_640x480_yuv422p_q_640x480aggregate: 64.8235013607

cmd_0_9_src07_hrc00_640x480_yuv422p_vs_src_7_hrc22_640x480_yuv422p_q_640x480aggregate: 83.6400267714

cmd_0_10_src07_hrc00_640x480_yuv422p_vs_src_7_hrc4_640x480_yuv422p_q_640x480aggregate: 73.6814446169

cmd_0_11_src07_hrc00_640x480_yuv422p_vs_src_7_hrc21_640x480_yuv422p_q_640x480aggregate: 92.3526510997

cmd_0_12_src07_hrc00_640x480_yuv422p_vs_src_7_hrc12_640x480_yuv422p_q_640x480aggregate: 52.3624015395

cmd_0_13_src07_hrc00_640x480_yuv422p_vs_src_7_hrc1_640x480_yuv422p_q_640x480aggregate: 92.1541314397

cmd_0_14_src07_hrc00_640x480_yuv422p_vs_src_7_hrc15_640x480_yuv422p_q_640x480aggregate: 67.9170812182

cmd_0_15_src07_hrc00_640x480_yuv422p_vs_src_7_hrc6_640x480_yuv422p_q_640x480aggregate: 84.0378174108

cmd_0_16_src07_hrc00_640x480_yuv422p_vs_src_7_hrc19_640x480_yuv422p_q_640x480aggregate: 43.179759342

cmd_0_17_src07_hrc00_640x480_yuv422p_vs_src_7_hrc24_640x480_yuv422p_q_640x480aggregate: 46.9078080853

cmd_0_18_src07_hrc00_640x480_yuv422p_vs_src_7_hrc18_640x480_yuv422p_q_640x480aggregate: 56.2049411695

cmd_0_19_src07_hrc00_640x480_yuv422p_vs_src_7_hrc17_640x480_yuv422p_q_640x480aggregate: 64.0833583414

cmd_0_20_src07_hrc00_640x480_yuv422p_vs_src_7_hrc5_640x480_yuv422p_q_640x480aggregate: 91.7768668261

cmd_0_21_src07_hrc00_640x480_yuv422p_vs_src_7_hrc23_640x480_yuv422p_q_640x480aggregate: 67.7982551413

cmd_0_22_src07_hrc00_640x480_yuv422p_vs_src_7_hrc28_640x480_yuv422p_q_640x480aggregate: 51.1827451371

cmd_0_23_src07_hrc00_640x480_yuv422p_vs_src_7_hrc14_640x480_yuv422p_q_640x480aggregate: 83.2726392205

cmd_0_24_src07_hrc00_640x480_yuv422p_vs_src_7_hrc9_640x480_yuv422p_q_640x480aggregate: 91.7162749806

