cmd_0_0_src08_hrc00_640x480_yuv422p_vs_src_8_hrc28_640x480_yuv422p_q_640x480aggregate: 53.5064774003

cmd_0_1_src08_hrc00_640x480_yuv422p_vs_src_8_hrc24_640x480_yuv422p_q_640x480aggregate: 49.7550729844

cmd_0_2_src08_hrc00_640x480_yuv422p_vs_src_8_hrc3_640x480_yuv422p_q_640x480aggregate: 81.2872601879

cmd_0_3_src08_hrc00_640x480_yuv422p_vs_src_8_hrc11_640x480_yuv422p_q_640x480aggregate: 72.643892904

cmd_0_4_src08_hrc00_640x480_yuv422p_vs_src_8_hrc15_640x480_yuv422p_q_640x480aggregate: 72.2929919281

cmd_0_5_src08_hrc00_640x480_yuv422p_vs_src_8_hrc20_640x480_yuv422p_q_640x480aggregate: 27.4322418438

cmd_0_6_src08_hrc00_640x480_yuv422p_vs_src_8_hrc16_640x480_yuv422p_q_640x480aggregate: 50.3657391881

cmd_0_7_src08_hrc00_640x480_yuv422p_vs_src_8_hrc22_640x480_yuv422p_q_640x480aggregate: 87.2524072008

cmd_0_8_src08_hrc00_640x480_yuv422p_vs_src_8_hrc23_640x480_yuv422p_q_640x480aggregate: 73.6365511338

cmd_0_9_src08_hrc00_640x480_yuv422p_vs_src_8_hrc17_640x480_yuv422p_q_640x480aggregate: 64.1808928418

cmd_0_10_src08_hrc00_640x480_yuv422p_vs_src_8_hrc18_640x480_yuv422p_q_640x480aggregate: 57.3860898157

cmd_0_11_src08_hrc00_640x480_yuv422p_vs_src_8_hrc7_640x480_yuv422p_q_640x480aggregate: 76.0784589793

cmd_0_12_src08_hrc00_640x480_yuv422p_vs_src_8_hrc6_640x480_yuv422p_q_640x480aggregate: 86.6588674982

cmd_0_13_src08_hrc00_640x480_yuv422p_vs_src_8_hrc19_640x480_yuv422p_q_640x480aggregate: 44.1291989812

cmd_0_14_src08_hrc00_640x480_yuv422p_vs_src_8_hrc4_640x480_yuv422p_q_640x480aggregate: 74.8858241284

cmd_0_15_src08_hrc00_640x480_yuv422p_vs_src_8_hrc1_640x480_yuv422p_q_640x480aggregate: 93.0095061196

cmd_0_16_src08_hrc00_640x480_yuv422p_vs_src_8_hrc8_640x480_yuv422p_q_640x480aggregate: 67.2658544749

cmd_0_17_src08_hrc00_640x480_yuv422p_vs_src_8_hrc14_640x480_yuv422p_q_640x480aggregate: 86.0778390187

cmd_0_18_src08_hrc00_640x480_yuv422p_vs_src_8_hrc12_640x480_yuv422p_q_640x480aggregate: 55.399997898

cmd_0_19_src08_hrc00_640x480_yuv422p_vs_src_8_hrc21_640x480_yuv422p_q_640x480aggregate: 93.4979330826

cmd_0_20_src08_hrc00_640x480_yuv422p_vs_src_8_hrc5_640x480_yuv422p_q_640x480aggregate: 92.7599186039

cmd_0_21_src08_hrc00_640x480_yuv422p_vs_src_8_hrc13_640x480_yuv422p_q_640x480aggregate: 92.7702060656

cmd_0_22_src08_hrc00_640x480_yuv422p_vs_src_8_hrc9_640x480_yuv422p_q_640x480aggregate: 92.7233568888

cmd_0_23_src08_hrc00_640x480_yuv422p_vs_src_8_hrc2_640x480_yuv422p_q_640x480aggregate: 87.8549311252

cmd_0_24_src08_hrc00_640x480_yuv422p_vs_src_8_hrc10_640x480_yuv422p_q_640x480aggregate: 86.0081235205

