cmd_0_0_src03_hrc00_640x480_yuv422p_vs_src_3_hrc10_640x480_yuv422p_q_640x480aggregate: 83.4927591782

cmd_0_1_src03_hrc00_640x480_yuv422p_vs_src_3_hrc2_640x480_yuv422p_q_640x480aggregate: 85.8730268325

cmd_0_2_src03_hrc00_640x480_yuv422p_vs_src_3_hrc13_640x480_yuv422p_q_640x480aggregate: 92.6983343212

cmd_0_3_src03_hrc00_640x480_yuv422p_vs_src_3_hrc20_640x480_yuv422p_q_640x480aggregate: 18.2101946599

cmd_0_4_src03_hrc00_640x480_yuv422p_vs_src_3_hrc15_640x480_yuv422p_q_640x480aggregate: 65.6478292873

cmd_0_5_src03_hrc00_640x480_yuv422p_vs_src_3_hrc21_640x480_yuv422p_q_640x480aggregate: 94.3032087802

cmd_0_6_src03_hrc00_640x480_yuv422p_vs_src_3_hrc12_640x480_yuv422p_q_640x480aggregate: 44.3445036725

cmd_0_7_src03_hrc00_640x480_yuv422p_vs_src_3_hrc18_640x480_yuv422p_q_640x480aggregate: 44.6078722516

cmd_0_8_src03_hrc00_640x480_yuv422p_vs_src_3_hrc9_640x480_yuv422p_q_640x480aggregate: 92.6524091694

cmd_0_9_src03_hrc00_640x480_yuv422p_vs_src_3_hrc3_640x480_yuv422p_q_640x480aggregate: 76.032399809

cmd_0_10_src03_hrc00_640x480_yuv422p_vs_src_3_hrc19_640x480_yuv422p_q_640x480aggregate: 32.2465147129

cmd_0_11_src03_hrc00_640x480_yuv422p_vs_src_3_hrc16_640x480_yuv422p_q_640x480aggregate: 40.1284584493

cmd_0_12_src03_hrc00_640x480_yuv422p_vs_src_3_hrc14_640x480_yuv422p_q_640x480aggregate: 83.7218639605

cmd_0_13_src03_hrc00_640x480_yuv422p_vs_src_3_hrc5_640x480_yuv422p_q_640x480aggregate: 92.7177544841

cmd_0_14_src03_hrc00_640x480_yuv422p_vs_src_3_hrc28_640x480_yuv422p_q_640x480aggregate: 45.3615493544

cmd_0_15_src03_hrc00_640x480_yuv422p_vs_src_3_hrc1_640x480_yuv422p_q_640x480aggregate: 93.1249093619

cmd_0_16_src03_hrc00_640x480_yuv422p_vs_src_3_hrc23_640x480_yuv422p_q_640x480aggregate: 69.1750846357

cmd_0_17_src03_hrc00_640x480_yuv422p_vs_src_3_hrc8_640x480_yuv422p_q_640x480aggregate: 56.4967075441

cmd_0_18_src03_hrc00_640x480_yuv422p_vs_src_3_hrc22_640x480_yuv422p_q_640x480aggregate: 86.4047470691

cmd_0_19_src03_hrc00_640x480_yuv422p_vs_src_3_hrc7_640x480_yuv422p_q_640x480aggregate: 69.6399022725

cmd_0_20_src03_hrc00_640x480_yuv422p_vs_src_3_hrc4_640x480_yuv422p_q_640x480aggregate: 66.2819142997

cmd_0_21_src03_hrc00_640x480_yuv422p_vs_src_3_hrc24_640x480_yuv422p_q_640x480aggregate: 41.189525979

cmd_0_22_src03_hrc00_640x480_yuv422p_vs_src_3_hrc6_640x480_yuv422p_q_640x480aggregate: 84.1787605772

cmd_0_23_src03_hrc00_640x480_yuv422p_vs_src_3_hrc17_640x480_yuv422p_q_640x480aggregate: 51.4208690422

cmd_0_24_src03_hrc00_640x480_yuv422p_vs_src_3_hrc11_640x480_yuv422p_q_640x480aggregate: 66.2810048579

