cmd_0_0_src31_ref_640x480_yuv422p_vs_src_31_hrc25_640x480_yuv422p_q_640x480aggregate: 65.5325224376

cmd_0_1_src31_ref_640x480_yuv422p_vs_src_31_hrc27_640x480_yuv422p_q_640x480aggregate: 72.2276829684

cmd_0_2_src31_ref_640x480_yuv422p_vs_src_31_hrc26_640x480_yuv422p_q_640x480aggregate: 65.9420706233

