cmd_0_0_src11_hrc00_640x480_yuv422p_vs_src_11_hrc7_640x480_yuv422p_q_640x480aggregate: 67.6908071359

cmd_0_1_src11_hrc00_640x480_yuv422p_vs_src_11_hrc24_640x480_yuv422p_q_640x480aggregate: 36.6634953385

cmd_0_2_src11_hrc00_640x480_yuv422p_vs_src_11_hrc12_640x480_yuv422p_q_640x480aggregate: 42.5669622104

cmd_0_3_src11_hrc00_640x480_yuv422p_vs_src_11_hrc3_640x480_yuv422p_q_640x480aggregate: 75.5469049285

cmd_0_4_src11_hrc00_640x480_yuv422p_vs_src_11_hrc9_640x480_yuv422p_q_640x480aggregate: 90.3064909969

cmd_0_5_src11_hrc00_640x480_yuv422p_vs_src_11_hrc17_640x480_yuv422p_q_640x480aggregate: 55.7472022946

cmd_0_6_src11_hrc00_640x480_yuv422p_vs_src_11_hrc11_640x480_yuv422p_q_640x480aggregate: 62.7513091919

cmd_0_7_src11_hrc00_640x480_yuv422p_vs_src_11_hrc13_640x480_yuv422p_q_640x480aggregate: 90.4328215337

cmd_0_8_src11_hrc00_640x480_yuv422p_vs_src_11_hrc5_640x480_yuv422p_q_640x480aggregate: 90.4927078604

cmd_0_9_src11_hrc00_640x480_yuv422p_vs_src_11_hrc15_640x480_yuv422p_q_640x480aggregate: 62.3651756968

cmd_0_10_src11_hrc00_640x480_yuv422p_vs_src_11_hrc23_640x480_yuv422p_q_640x480aggregate: 62.9751521227

cmd_0_11_src11_hrc00_640x480_yuv422p_vs_src_11_hrc6_640x480_yuv422p_q_640x480aggregate: 81.6626978745

cmd_0_12_src11_hrc00_640x480_yuv422p_vs_src_11_hrc21_640x480_yuv422p_q_640x480aggregate: 91.3619079045

cmd_0_13_src11_hrc00_640x480_yuv422p_vs_src_11_hrc10_640x480_yuv422p_q_640x480aggregate: 80.796059316

cmd_0_14_src11_hrc00_640x480_yuv422p_vs_src_11_hrc19_640x480_yuv422p_q_640x480aggregate: 31.930412664

cmd_0_15_src11_hrc00_640x480_yuv422p_vs_src_11_hrc8_640x480_yuv422p_q_640x480aggregate: 57.2119466173

cmd_0_16_src11_hrc00_640x480_yuv422p_vs_src_11_hrc2_640x480_yuv422p_q_640x480aggregate: 83.836628428

cmd_0_17_src11_hrc00_640x480_yuv422p_vs_src_11_hrc18_640x480_yuv422p_q_640x480aggregate: 47.1282827369

cmd_0_18_src11_hrc00_640x480_yuv422p_vs_src_11_hrc28_640x480_yuv422p_q_640x480aggregate: 43.8662246104

cmd_0_19_src11_hrc00_640x480_yuv422p_vs_src_11_hrc16_640x480_yuv422p_q_640x480aggregate: 36.3198257747

cmd_0_20_src11_hrc00_640x480_yuv422p_vs_src_11_hrc20_640x480_yuv422p_q_640x480aggregate: 18.3370297126

cmd_0_21_src11_hrc00_640x480_yuv422p_vs_src_11_hrc4_640x480_yuv422p_q_640x480aggregate: 68.0133785284

cmd_0_22_src11_hrc00_640x480_yuv422p_vs_src_11_hrc1_640x480_yuv422p_q_640x480aggregate: 90.8413588353

cmd_0_23_src11_hrc00_640x480_yuv422p_vs_src_11_hrc14_640x480_yuv422p_q_640x480aggregate: 80.9699973895

cmd_0_24_src11_hrc00_640x480_yuv422p_vs_src_11_hrc22_640x480_yuv422p_q_640x480aggregate: 82.0435669095

