cmd_0_0_src02_hrc00_640x480_yuv422p_vs_src_2_hrc19_640x480_yuv422p_q_640x480aggregate: 38.3348199435

cmd_0_1_src02_hrc00_640x480_yuv422p_vs_src_2_hrc12_640x480_yuv422p_q_640x480aggregate: 52.3091585922

cmd_0_2_src02_hrc00_640x480_yuv422p_vs_src_2_hrc8_640x480_yuv422p_q_640x480aggregate: 64.7857248823

cmd_0_3_src02_hrc00_640x480_yuv422p_vs_src_2_hrc14_640x480_yuv422p_q_640x480aggregate: 85.6029772021

cmd_0_4_src02_hrc00_640x480_yuv422p_vs_src_2_hrc16_640x480_yuv422p_q_640x480aggregate: 46.9818615563

cmd_0_5_src02_hrc00_640x480_yuv422p_vs_src_2_hrc3_640x480_yuv422p_q_640x480aggregate: 80.5200705694

cmd_0_6_src02_hrc00_640x480_yuv422p_vs_src_2_hrc10_640x480_yuv422p_q_640x480aggregate: 85.5666350574

cmd_0_7_src02_hrc00_640x480_yuv422p_vs_src_2_hrc6_640x480_yuv422p_q_640x480aggregate: 85.9275398735

cmd_0_8_src02_hrc00_640x480_yuv422p_vs_src_2_hrc1_640x480_yuv422p_q_640x480aggregate: 94.179492509

cmd_0_9_src02_hrc00_640x480_yuv422p_vs_src_2_hrc28_640x480_yuv422p_q_640x480aggregate: 49.5092965259

cmd_0_10_src02_hrc00_640x480_yuv422p_vs_src_2_hrc18_640x480_yuv422p_q_640x480aggregate: 51.3047275822

cmd_0_11_src02_hrc00_640x480_yuv422p_vs_src_2_hrc24_640x480_yuv422p_q_640x480aggregate: 47.8396173636

cmd_0_12_src02_hrc00_640x480_yuv422p_vs_src_2_hrc15_640x480_yuv422p_q_640x480aggregate: 69.9093440805

cmd_0_13_src02_hrc00_640x480_yuv422p_vs_src_2_hrc17_640x480_yuv422p_q_640x480aggregate: 58.4064288188

cmd_0_14_src02_hrc00_640x480_yuv422p_vs_src_2_hrc20_640x480_yuv422p_q_640x480aggregate: 23.1923190618

cmd_0_15_src02_hrc00_640x480_yuv422p_vs_src_2_hrc4_640x480_yuv422p_q_640x480aggregate: 73.1353373664

cmd_0_16_src02_hrc00_640x480_yuv422p_vs_src_2_hrc7_640x480_yuv422p_q_640x480aggregate: 73.9828011591

cmd_0_17_src02_hrc00_640x480_yuv422p_vs_src_2_hrc2_640x480_yuv422p_q_640x480aggregate: 87.6353335972

cmd_0_18_src02_hrc00_640x480_yuv422p_vs_src_2_hrc21_640x480_yuv422p_q_640x480aggregate: 94.624149009

cmd_0_19_src02_hrc00_640x480_yuv422p_vs_src_2_hrc11_640x480_yuv422p_q_640x480aggregate: 70.3320622244

cmd_0_20_src02_hrc00_640x480_yuv422p_vs_src_2_hrc5_640x480_yuv422p_q_640x480aggregate: 93.8438921334

cmd_0_21_src02_hrc00_640x480_yuv422p_vs_src_2_hrc9_640x480_yuv422p_q_640x480aggregate: 93.819290642

cmd_0_22_src02_hrc00_640x480_yuv422p_vs_src_2_hrc22_640x480_yuv422p_q_640x480aggregate: 86.7658298317

cmd_0_23_src02_hrc00_640x480_yuv422p_vs_src_2_hrc23_640x480_yuv422p_q_640x480aggregate: 71.1133091027

cmd_0_24_src02_hrc00_640x480_yuv422p_vs_src_2_hrc13_640x480_yuv422p_q_640x480aggregate: 93.8290702477

