cmd_0_0_src09_hrc00_640x480_yuv422p_vs_src_9_hrc19_640x480_yuv422p_q_640x480aggregate: 39.3186682495

cmd_0_1_src09_hrc00_640x480_yuv422p_vs_src_9_hrc7_640x480_yuv422p_q_640x480aggregate: 73.7745421948

cmd_0_2_src09_hrc00_640x480_yuv422p_vs_src_9_hrc14_640x480_yuv422p_q_640x480aggregate: 84.1741740335

cmd_0_3_src09_hrc00_640x480_yuv422p_vs_src_9_hrc1_640x480_yuv422p_q_640x480aggregate: 91.4068739066

cmd_0_4_src09_hrc00_640x480_yuv422p_vs_src_9_hrc28_640x480_yuv422p_q_640x480aggregate: 51.1925352808

cmd_0_5_src09_hrc00_640x480_yuv422p_vs_src_9_hrc2_640x480_yuv422p_q_640x480aggregate: 86.6937837256

cmd_0_6_src09_hrc00_640x480_yuv422p_vs_src_9_hrc9_640x480_yuv422p_q_640x480aggregate: 91.1491721778

cmd_0_7_src09_hrc00_640x480_yuv422p_vs_src_9_hrc16_640x480_yuv422p_q_640x480aggregate: 48.6959330859

cmd_0_8_src09_hrc00_640x480_yuv422p_vs_src_9_hrc8_640x480_yuv422p_q_640x480aggregate: 65.5249148341

cmd_0_9_src09_hrc00_640x480_yuv422p_vs_src_9_hrc4_640x480_yuv422p_q_640x480aggregate: 73.2105215233

cmd_0_10_src09_hrc00_640x480_yuv422p_vs_src_9_hrc10_640x480_yuv422p_q_640x480aggregate: 84.2405695323

cmd_0_11_src09_hrc00_640x480_yuv422p_vs_src_9_hrc15_640x480_yuv422p_q_640x480aggregate: 68.5876817413

cmd_0_12_src09_hrc00_640x480_yuv422p_vs_src_9_hrc12_640x480_yuv422p_q_640x480aggregate: 53.1535333438

cmd_0_13_src09_hrc00_640x480_yuv422p_vs_src_9_hrc5_640x480_yuv422p_q_640x480aggregate: 91.1367595203

cmd_0_14_src09_hrc00_640x480_yuv422p_vs_src_9_hrc23_640x480_yuv422p_q_640x480aggregate: 70.5947674891

cmd_0_15_src09_hrc00_640x480_yuv422p_vs_src_9_hrc11_640x480_yuv422p_q_640x480aggregate: 69.564566009

cmd_0_16_src09_hrc00_640x480_yuv422p_vs_src_9_hrc13_640x480_yuv422p_q_640x480aggregate: 91.2788469419

cmd_0_17_src09_hrc00_640x480_yuv422p_vs_src_9_hrc3_640x480_yuv422p_q_640x480aggregate: 78.7931752196

cmd_0_18_src09_hrc00_640x480_yuv422p_vs_src_9_hrc24_640x480_yuv422p_q_640x480aggregate: 50.8408750386

cmd_0_19_src09_hrc00_640x480_yuv422p_vs_src_9_hrc6_640x480_yuv422p_q_640x480aggregate: 84.6722885518

cmd_0_20_src09_hrc00_640x480_yuv422p_vs_src_9_hrc22_640x480_yuv422p_q_640x480aggregate: 85.3152343662

cmd_0_21_src09_hrc00_640x480_yuv422p_vs_src_9_hrc21_640x480_yuv422p_q_640x480aggregate: 91.4686823998

cmd_0_22_src09_hrc00_640x480_yuv422p_vs_src_9_hrc20_640x480_yuv422p_q_640x480aggregate: 27.1426074896

cmd_0_23_src09_hrc00_640x480_yuv422p_vs_src_9_hrc18_640x480_yuv422p_q_640x480aggregate: 52.9371134232

cmd_0_24_src09_hrc00_640x480_yuv422p_vs_src_9_hrc17_640x480_yuv422p_q_640x480aggregate: 59.7736914051

