cmd_0_0_mother_352x288_vs_mother_plr0.1_3176_352x288_q_352x288aggregate: 97.6473432956

cmd_0_1_mother_352x288_vs_mother_plr1_2081_352x288_q_352x288aggregate: 93.9330214152

cmd_0_2_mother_352x288_vs_mother_plr3_8253_352x288_q_352x288aggregate: 92.6677038109

cmd_0_3_mother_352x288_vs_mother_plr5_8420_352x288_q_352x288aggregate: 83.0541608771

cmd_0_4_mother_352x288_vs_mother_plr1_522_352x288_q_352x288aggregate: 93.3822372667

cmd_0_5_mother_352x288_vs_mother_plr0.1_522_352x288_q_352x288aggregate: 97.338268771

cmd_0_6_mother_352x288_vs_mother_352x288_q_352x288aggregate: 98.3403860711

cmd_0_7_mother_352x288_vs_mother_plr10_1587_352x288_q_352x288aggregate: 72.4476104388

cmd_0_8_mother_352x288_vs_mother_plr0.4_5435_352x288_q_352x288aggregate: 95.0685708919

cmd_0_9_mother_352x288_vs_mother_plr0.4_1587_352x288_q_352x288aggregate: 96.1432994389

cmd_0_10_mother_352x288_vs_mother_plr3_167_352x288_q_352x288aggregate: 89.6246617431

cmd_0_11_mother_352x288_vs_mother_plr5_5452_352x288_q_352x288aggregate: 75.8632739954

cmd_0_12_mother_352x288_vs_mother_plr10_8420_352x288_q_352x288aggregate: 63.5564357464

