cmd_0_0_hall_352x288_vs_hall_352x288_q_352x288aggregate: 98.2059757525

cmd_0_1_hall_352x288_vs_hall_plr0.4_522_352x288_q_352x288aggregate: 96.1965606037

cmd_0_2_hall_352x288_vs_hall_plr0.4_7393_352x288_q_352x288aggregate: 95.8422015293

cmd_0_3_hall_352x288_vs_hall_plr3_1825_352x288_q_352x288aggregate: 67.9668569502

cmd_0_4_hall_352x288_vs_hall_plr1_8552_352x288_q_352x288aggregate: 90.6106316312

cmd_0_5_hall_352x288_vs_hall_plr5_3652_352x288_q_352x288aggregate: 74.803780158

cmd_0_6_hall_352x288_vs_hall_plr0.1_2081_352x288_q_352x288aggregate: 97.8097326816

cmd_0_7_hall_352x288_vs_hall_plr10_8420_352x288_q_352x288aggregate: 60.9412155323

cmd_0_8_hall_352x288_vs_hall_plr5_8253_352x288_q_352x288aggregate: 73.7772643476

cmd_0_9_hall_352x288_vs_hall_plr1_89_352x288_q_352x288aggregate: 87.3305363475

cmd_0_10_hall_352x288_vs_hall_plr10_3693_352x288_q_352x288aggregate: 55.8612315556

cmd_0_11_hall_352x288_vs_hall_plr3_3176_352x288_q_352x288aggregate: 62.1145072123

cmd_0_12_hall_352x288_vs_hall_plr0.1_6644_352x288_q_352x288aggregate: 97.9638056916

