cmd_0_0_foreman_352x288_vs_foreman_plr10_8022_352x288_q_352x288aggregate: 65.6553872132

cmd_0_1_foreman_352x288_vs_foreman_plr5_4109_352x288_q_352x288aggregate: 78.0901453221

cmd_0_2_foreman_352x288_vs_foreman_352x288_q_352x288aggregate: 99.9133664452

cmd_0_3_foreman_352x288_vs_foreman_plr1_6859_352x288_q_352x288aggregate: 98.1997140845

cmd_0_4_foreman_352x288_vs_foreman_plr0.1_5462_352x288_q_352x288aggregate: 99.8815582189

cmd_0_5_foreman_352x288_vs_foreman_plr5_7128_352x288_q_352x288aggregate: 82.3091946674

cmd_0_6_foreman_352x288_vs_foreman_plr0.4_89_352x288_q_352x288aggregate: 99.6163007185

cmd_0_7_foreman_352x288_vs_foreman_plr1_4374_352x288_q_352x288aggregate: 97.6007268814

cmd_0_8_foreman_352x288_vs_foreman_plr10_4374_352x288_q_352x288aggregate: 62.6914736701

cmd_0_9_foreman_352x288_vs_foreman_plr0.1_8552_352x288_q_352x288aggregate: 99.8810700261

cmd_0_10_foreman_352x288_vs_foreman_plr0.4_4374_352x288_q_352x288aggregate: 98.4645641506

cmd_0_11_foreman_352x288_vs_foreman_plr3_8022_352x288_q_352x288aggregate: 87.7146576143

cmd_0_12_foreman_352x288_vs_foreman_plr3_3652_352x288_q_352x288aggregate: 88.7952410545

