cmd_0_0_mobile_352x288_vs_mobile_plr1_8022_352x288_q_352x288aggregate: 97.3392662551

cmd_0_1_mobile_352x288_vs_mobile_plr0.1_8253_352x288_q_352x288aggregate: 99.9136319954

cmd_0_2_mobile_352x288_vs_mobile_plr1_5462_352x288_q_352x288aggregate: 97.9642865375

cmd_0_3_mobile_352x288_vs_mobile_352x288_q_352x288aggregate: 99.9913692861

cmd_0_4_mobile_352x288_vs_mobile_plr3_5539_352x288_q_352x288aggregate: 85.0552917606

cmd_0_5_mobile_352x288_vs_mobile_plr0.4_2081_352x288_q_352x288aggregate: 99.2749444243

cmd_0_6_mobile_352x288_vs_mobile_plr10_167_352x288_q_352x288aggregate: 56.44392708

cmd_0_7_mobile_352x288_vs_mobile_plr0.1_8022_352x288_q_352x288aggregate: 99.8840048493

cmd_0_8_mobile_352x288_vs_mobile_plr3_7128_352x288_q_352x288aggregate: 83.9468257906

cmd_0_9_mobile_352x288_vs_mobile_plr0.4_8043_352x288_q_352x288aggregate: 98.9337331557

cmd_0_10_mobile_352x288_vs_mobile_plr10_2081_352x288_q_352x288aggregate: 56.9895463549

cmd_0_11_mobile_352x288_vs_mobile_plr5_7393_352x288_q_352x288aggregate: 73.8967013968

cmd_0_12_mobile_352x288_vs_mobile_plr5_1251_352x288_q_352x288aggregate: 74.9847970862

