cmd_0_0_paris_352x288_vs_paris_plr3_7393_352x288_q_352x288aggregate: 79.1748593227

cmd_0_1_paris_352x288_vs_paris_plr0.4_2081_352x288_q_352x288aggregate: 98.2509071758

cmd_0_2_paris_352x288_vs_paris_plr0.1_3176_352x288_q_352x288aggregate: 97.8520169228

cmd_0_3_paris_352x288_vs_paris_plr0.1_1825_352x288_q_352x288aggregate: 98.8430508483

cmd_0_4_paris_352x288_vs_paris_plr0.4_3176_352x288_q_352x288aggregate: 97.7918122461

cmd_0_5_paris_352x288_vs_paris_plr5_3652_352x288_q_352x288aggregate: 73.6187644248

cmd_0_6_paris_352x288_vs_paris_plr10_3652_352x288_q_352x288aggregate: 59.2637664063

cmd_0_7_paris_352x288_vs_paris_plr1_3176_352x288_q_352x288aggregate: 94.991712721

cmd_0_8_paris_352x288_vs_paris_352x288_q_352x288aggregate: 99.082283429

cmd_0_9_paris_352x288_vs_paris_plr3_522_352x288_q_352x288aggregate: 80.464587079

cmd_0_10_paris_352x288_vs_paris_plr5_8253_352x288_q_352x288aggregate: 73.1480992292

cmd_0_11_paris_352x288_vs_paris_plr1_8043_352x288_q_352x288aggregate: 96.7102814916

cmd_0_12_paris_352x288_vs_paris_plr10_5462_352x288_q_352x288aggregate: 54.8349803343

