cmd_0_0_news_352x288_vs_news_plr0.1_2081_352x288_q_352x288aggregate: 98.4151933719

cmd_0_1_news_352x288_vs_news_plr10_8297_352x288_q_352x288aggregate: 66.3049474426

cmd_0_2_news_352x288_vs_news_plr1_8022_352x288_q_352x288aggregate: 94.3540009872

cmd_0_3_news_352x288_vs_news_plr10_1790_352x288_q_352x288aggregate: 64.5295349464

cmd_0_4_news_352x288_vs_news_plr3_8022_352x288_q_352x288aggregate: 85.6710359944

cmd_0_5_news_352x288_vs_news_plr5_8022_352x288_q_352x288aggregate: 77.6714532329

cmd_0_6_news_352x288_vs_news_352x288_q_352x288aggregate: 98.5330852224

cmd_0_7_news_352x288_vs_news_plr0.1_8022_352x288_q_352x288aggregate: 98.4549362208

cmd_0_8_news_352x288_vs_news_plr0.4_8297_352x288_q_352x288aggregate: 97.5541793745

cmd_0_9_news_352x288_vs_news_plr0.4_8253_352x288_q_352x288aggregate: 97.5137556819

cmd_0_10_news_352x288_vs_news_plr5_1587_352x288_q_352x288aggregate: 78.744778526

cmd_0_11_news_352x288_vs_news_plr1_8297_352x288_q_352x288aggregate: 95.0013077454

cmd_0_12_news_352x288_vs_news_plr3_2081_352x288_q_352x288aggregate: 83.9721013992

