cmd_0_0_cont_6_1920x1080_yuv422p_vs_cont_6_1920x1080_yuv422p_q_1920x1080aggregate: 99.9980918502

cmd_0_1_cont_6_1920x1080_yuv422p_vs_cont_6_seq_7_1920x1080_yuv422p_q_1920x1080aggregate: 59.445602123

cmd_0_2_cont_6_1920x1080_yuv422p_vs_cont_6_seq_5_1920x1080_yuv422p_q_1920x1080aggregate: 46.0711783732

cmd_0_3_cont_6_1920x1080_yuv422p_vs_cont_6_seq_4_1920x1080_yuv422p_q_1920x1080aggregate: 61.5304237977

cmd_0_4_cont_6_1920x1080_yuv422p_vs_cont_6_seq_6_1920x1080_yuv422p_q_1920x1080aggregate: 45.6792767359

cmd_0_5_cont_6_1920x1080_yuv422p_vs_cont_6_seq_2_1920x1080_yuv422p_q_1920x1080aggregate: 55.5605142259

cmd_0_6_cont_6_1920x1080_yuv422p_vs_cont_6_seq_0_1920x1080_yuv422p_q_1920x1080aggregate: 79.2092025591

