cmd_0_0_cont_5_1920x1080_yuv422p_vs_cont_5_seq_1_1920x1080_yuv422p_q_1920x1080aggregate: 40.7815732627

cmd_0_1_cont_5_1920x1080_yuv422p_vs_cont_5_seq_2_1920x1080_yuv422p_q_1920x1080aggregate: 46.4042151774

cmd_0_2_cont_5_1920x1080_yuv422p_vs_cont_5_1920x1080_yuv422p_q_1920x1080aggregate: 99.9980599388

cmd_0_3_cont_5_1920x1080_yuv422p_vs_cont_5_seq_3_1920x1080_yuv422p_q_1920x1080aggregate: 39.5201482852

cmd_0_4_cont_5_1920x1080_yuv422p_vs_cont_5_seq_0_1920x1080_yuv422p_q_1920x1080aggregate: 65.5088678113

cmd_0_5_cont_5_1920x1080_yuv422p_vs_cont_5_seq_7_1920x1080_yuv422p_q_1920x1080aggregate: 49.8323500273

cmd_0_6_cont_5_1920x1080_yuv422p_vs_cont_5_seq_5_1920x1080_yuv422p_q_1920x1080aggregate: 38.7707428193

cmd_0_7_cont_5_1920x1080_yuv422p_vs_cont_5_seq_4_1920x1080_yuv422p_q_1920x1080aggregate: 51.6340904295

cmd_0_8_cont_5_1920x1080_yuv422p_vs_cont_5_seq_6_1920x1080_yuv422p_q_1920x1080aggregate: 34.59577311

