cmd_0_0_cont_4_1920x1080_yuv422p_vs_cont_4_seq_7_1920x1080_yuv422p_q_1920x1080aggregate: 68.0522185821

cmd_0_1_cont_4_1920x1080_yuv422p_vs_cont_4_seq_2_1920x1080_yuv422p_q_1920x1080aggregate: 63.5798738395

cmd_0_2_cont_4_1920x1080_yuv422p_vs_cont_4_seq_5_1920x1080_yuv422p_q_1920x1080aggregate: 55.7591082561

cmd_0_3_cont_4_1920x1080_yuv422p_vs_cont_4_seq_1_1920x1080_yuv422p_q_1920x1080aggregate: 58.531884959

cmd_0_4_cont_4_1920x1080_yuv422p_vs_cont_4_seq_4_1920x1080_yuv422p_q_1920x1080aggregate: 70.0888830208

cmd_0_5_cont_4_1920x1080_yuv422p_vs_cont_4_1920x1080_yuv422p_q_1920x1080aggregate: 99.9980933214

cmd_0_6_cont_4_1920x1080_yuv422p_vs_cont_4_seq_6_1920x1080_yuv422p_q_1920x1080aggregate: 55.4438611928

cmd_0_7_cont_4_1920x1080_yuv422p_vs_cont_4_seq_0_1920x1080_yuv422p_q_1920x1080aggregate: 88.1906888174

cmd_0_8_cont_4_1920x1080_yuv422p_vs_cont_4_seq_3_1920x1080_yuv422p_q_1920x1080aggregate: 56.8405611498

