cmd_0_0_RV03_1080p30_1920x1080_vs_TV03_1080p30_2_9s_1920x1080_q_1920x1080aggregate: 3.57236360134

cmd_0_1_RV03_1080p30_1920x1080_vs_TV03_1080p30_4_2s_1920x1080_q_1920x1080aggregate: 5.56537079686

