cmd_0_0_RV08_1080p24_1920x1080_vs_TV08_1080p24_3_7s_1920x1080_q_1920x1080aggregate: 18.2192727814

cmd_0_1_RV08_1080p24_1920x1080_vs_RV08_1080p24_1920x1080_q_1920x1080aggregate: 99.2911309985

cmd_0_2_RV08_1080p24_1920x1080_vs_TV08_1080p24_5_1s_1920x1080_q_1920x1080aggregate: 10.6777990104

