cmd_0_0_RV04_1080p30_1920x1080_vs_TV04_1080p30_3_1s_1920x1080_q_1920x1080aggregate: 17.7227610701

cmd_0_1_RV04_1080p30_1920x1080_vs_TV04_1080p30_0.5_5s_1920x1080_q_1920x1080aggregate: 20.8350889168

