cmd_0_0_RV13_2160p30_3840x2160_vs_TV13_2160p30_2_7s_3840x2160_q_3840x2160aggregate: 12.1658496448

cmd_0_1_RV13_2160p30_3840x2160_vs_TV13_2160p30_3_2s_3840x2160_q_3840x2160aggregate: 5.03587186243

