cmd_0_0_RV17_2160p30_3840x2160_vs_TV17_2160p30_3_5s_3840x2160_q_3840x2160aggregate: 4.29717004856

cmd_0_1_RV17_2160p30_3840x2160_vs_TV17_2160p30_3_5s_3840x2160_q_3840x2160aggregate: 19.7420662095

cmd_0_2_RV17_2160p30_3840x2160_vs_TV17_2160p30_4_3s_3840x2160_q_3840x2160aggregate: 4.31606872367

cmd_0_3_RV17_2160p30_3840x2160_vs_TV17_2160p30_4_3s_3840x2160_q_3840x2160aggregate: 30.0077543735

