cmd_0_0_RV12_2160p30_3840x2160_vs_TV12_2160p30_0.5_3s_3840x2160_q_3840x2160aggregate: 24.1226526287

cmd_0_1_RV12_2160p30_3840x2160_vs_TV12_2160p30_4_7s_3840x2160_q_3840x2160aggregate: 10.839594423

