cmd_0_0_RV07_1080p30_1920x1080_vs_TV07_1080p30_4_5s_1920x1080_q_1920x1080aggregate: 1.24074986687

cmd_0_1_RV07_1080p30_1920x1080_vs_TV07_1080p30_0.5_9s_1920x1080_q_1920x1080aggregate: 61.3483085671

