cmd_0_0_RV02_1080p30_1920x1080_vs_TV02_1080p30_2_5s_1920x1080_q_1920x1080aggregate: 4.29475486776

cmd_0_1_RV02_1080p30_1920x1080_vs_TV02_1080p30_4_9s_1920x1080_q_1920x1080aggregate: 3.62668477967

