cmd_0_0_RV09_1080p30_1920x1080_vs_TV09_1080p30_1_1s_1920x1080_q_1920x1080aggregate: 39.8186845277

cmd_0_1_RV09_1080p30_1920x1080_vs_TV09_1080p30_3_3s_1920x1080_q_1920x1080aggregate: 4.51731624752

