cmd_0_0_RV01_1080p30_1920x1080_vs_TV01_1080p30_1_7s_1920x1080_q_1920x1080aggregate: 26.5719823117

cmd_0_1_RV01_1080p30_1920x1080_vs_TV01_1080p30_2_2s_1920x1080_q_1920x1080aggregate: 14.8816050965

