cmd_0_0_RV18_2160p30_3840x2160_vs_TV18_2160p30_1_2s_3840x2160_q_3840x2160aggregate: 51.8158670323

cmd_0_1_RV18_2160p30_3840x2160_vs_TV18_2160p30_5_9s_3840x2160_q_3840x2160aggregate: 7.67283559042

