cmd_0_0_RV16_2160p30_3840x2160_vs_TV16_2160p30_2_1s_3840x2160_q_3840x2160aggregate: 44.6069290172

cmd_0_1_RV16_2160p30_3840x2160_vs_TV16_2160p30_3_9s_3840x2160_q_3840x2160aggregate: 8.38639388959

