cmd_0_0_RV11_2160p30_3840x2160_vs_TV11_2160p30_0.5_7s_3840x2160_q_3840x2160aggregate: 37.0565875268

cmd_0_1_RV11_2160p30_3840x2160_vs_TV11_2160p30_5_2s_3840x2160_q_3840x2160aggregate: 14.7455663917

