cmd_0_0_RV10_2160p30_3840x2160_vs_TV10_2160p30_0.5_1s_3840x2160_q_3840x2160aggregate: 18.6329011555

cmd_0_1_RV10_2160p30_3840x2160_vs_TV10_2160p30_5_5s_3840x2160_q_3840x2160aggregate: 4.98209556895

