cmd_0_0_RV05_1080p25_1920x1080_vs_TV05_1080p25_0.5_2s_1920x1080_q_1920x1080aggregate: 8.74475455427

cmd_0_1_RV05_1080p25_1920x1080_vs_TV05_1080p25_5_3s_1920x1080_q_1920x1080aggregate: 9.03540769088

