cmd_0_0_RV14_2160p30_3840x2160_vs_TV14_2160p30_1_5s_3840x2160_q_3840x2160aggregate: 10.4008549285

cmd_0_1_RV14_2160p30_3840x2160_vs_TV14_2160p30_4_1s_3840x2160_q_3840x2160aggregate: 15.4462882513

