cmd_0_0_RV15_2160p30_3840x2160_vs_TV15_2160p30_1_9s_3840x2160_q_3840x2160aggregate: 69.9849450447

cmd_0_1_RV15_2160p30_3840x2160_vs_TV15_2160p30_2_3s_3840x2160_q_3840x2160aggregate: 75.80009821

