cmd_0_0_RV06_1080p60_1920x1080_vs_TV06_1080p60_5_7s_1920x1080_q_1920x1080aggregate: 8.10914019884

cmd_0_1_RV06_1080p60_1920x1080_vs_TV06_1080p60_1_3s_1920x1080_q_1920x1080aggregate: 14.3236284819

