cmd_0_0_src10_hrc00_640x480_yuv422p_vs_src_10_hrc3_640x480_yuv422p_q_640x480aggregate: 65.7545422873

cmd_0_1_src10_hrc00_640x480_yuv422p_vs_src_10_hrc17_640x480_yuv422p_q_640x480aggregate: 44.6327139531

cmd_0_2_src10_hrc00_640x480_yuv422p_vs_src_10_hrc24_640x480_yuv422p_q_640x480aggregate: 30.6134970268

cmd_0_3_src10_hrc00_640x480_yuv422p_vs_src_10_hrc19_640x480_yuv422p_q_640x480aggregate: 23.2778763478

cmd_0_4_src10_hrc00_640x480_yuv422p_vs_src_10_hrc10_640x480_yuv422p_q_640x480aggregate: 73.6669257907

cmd_0_5_src10_hrc00_640x480_yuv422p_vs_src_10_hrc2_640x480_yuv422p_q_640x480aggregate: 77.6150106346

cmd_0_6_src10_hrc00_640x480_yuv422p_vs_src_10_hrc13_640x480_yuv422p_q_640x480aggregate: 86.8368874319

cmd_0_7_src10_hrc00_640x480_yuv422p_vs_src_10_hrc14_640x480_yuv422p_q_640x480aggregate: 73.758372334

cmd_0_8_src10_hrc00_640x480_yuv422p_vs_src_10_hrc4_640x480_yuv422p_q_640x480aggregate: 55.5653110118

cmd_0_9_src10_hrc00_640x480_yuv422p_vs_src_10_hrc7_640x480_yuv422p_q_640x480aggregate: 56.8657314845

cmd_0_10_src10_hrc00_640x480_yuv422p_vs_src_10_hrc22_640x480_yuv422p_q_640x480aggregate: 76.539211793

cmd_0_11_src10_hrc00_640x480_yuv422p_vs_src_10_hrc9_640x480_yuv422p_q_640x480aggregate: 86.8037434173

cmd_0_12_src10_hrc00_640x480_yuv422p_vs_src_10_hrc21_640x480_yuv422p_q_640x480aggregate: 89.0217334125

cmd_0_13_src10_hrc00_640x480_yuv422p_vs_src_10_hrc5_640x480_yuv422p_q_640x480aggregate: 86.9752929822

cmd_0_14_src10_hrc00_640x480_yuv422p_vs_src_10_hrc28_640x480_yuv422p_q_640x480aggregate: 40.8185829166

cmd_0_15_src10_hrc00_640x480_yuv422p_vs_src_10_hrc15_640x480_yuv422p_q_640x480aggregate: 51.7860839579

cmd_0_16_src10_hrc00_640x480_yuv422p_vs_src_10_hrc23_640x480_yuv422p_q_640x480aggregate: 53.661445596

cmd_0_17_src10_hrc00_640x480_yuv422p_vs_src_10_hrc8_640x480_yuv422p_q_640x480aggregate: 45.3589575022

cmd_0_18_src10_hrc00_640x480_yuv422p_vs_src_10_hrc11_640x480_yuv422p_q_640x480aggregate: 52.5691297328

cmd_0_19_src10_hrc00_640x480_yuv422p_vs_src_10_hrc20_640x480_yuv422p_q_640x480aggregate: 16.7152917248

cmd_0_20_src10_hrc00_640x480_yuv422p_vs_src_10_hrc6_640x480_yuv422p_q_640x480aggregate: 74.7169774457

cmd_0_21_src10_hrc00_640x480_yuv422p_vs_src_10_hrc18_640x480_yuv422p_q_640x480aggregate: 34.3529008244

cmd_0_22_src10_hrc00_640x480_yuv422p_vs_src_10_hrc1_640x480_yuv422p_q_640x480aggregate: 87.5129762756

cmd_0_23_src10_hrc00_640x480_yuv422p_vs_src_10_hrc16_640x480_yuv422p_q_640x480aggregate: 30.8988873454

cmd_0_24_src10_hrc00_640x480_yuv422p_vs_src_10_hrc12_640x480_yuv422p_q_640x480aggregate: 34.4754773873

