cmd_0_0_src13_hrc00_640x480_yuv422p_vs_src_13_hrc12_640x480_yuv422p_q_640x480aggregate: 30.6216899094

cmd_0_1_src13_hrc00_640x480_yuv422p_vs_src_13_hrc1_640x480_yuv422p_q_640x480aggregate: 85.0817890379

cmd_0_2_src13_hrc00_640x480_yuv422p_vs_src_13_hrc23_640x480_yuv422p_q_640x480aggregate: 53.437407871

cmd_0_3_src13_hrc00_640x480_yuv422p_vs_src_13_hrc8_640x480_yuv422p_q_640x480aggregate: 43.8514311698

cmd_0_4_src13_hrc00_640x480_yuv422p_vs_src_13_hrc18_640x480_yuv422p_q_640x480aggregate: 31.5763612261

cmd_0_5_src13_hrc00_640x480_yuv422p_vs_src_13_hrc11_640x480_yuv422p_q_640x480aggregate: 52.3758870385

cmd_0_6_src13_hrc00_640x480_yuv422p_vs_src_13_hrc9_640x480_yuv422p_q_640x480aggregate: 84.5387959674

cmd_0_7_src13_hrc00_640x480_yuv422p_vs_src_13_hrc7_640x480_yuv422p_q_640x480aggregate: 57.3104197128

cmd_0_8_src13_hrc00_640x480_yuv422p_vs_src_13_hrc5_640x480_yuv422p_q_640x480aggregate: 84.6572923894

cmd_0_9_src13_hrc00_640x480_yuv422p_vs_src_13_hrc2_640x480_yuv422p_q_640x480aggregate: 75.5137261273

cmd_0_10_src13_hrc00_640x480_yuv422p_vs_src_13_hrc10_640x480_yuv422p_q_640x480aggregate: 72.7053848981

cmd_0_11_src13_hrc00_640x480_yuv422p_vs_src_13_hrc22_640x480_yuv422p_q_640x480aggregate: 74.8653765827

cmd_0_12_src13_hrc00_640x480_yuv422p_vs_src_13_hrc16_640x480_yuv422p_q_640x480aggregate: 25.3704236374

cmd_0_13_src13_hrc00_640x480_yuv422p_vs_src_13_hrc24_640x480_yuv422p_q_640x480aggregate: 25.2524838832

cmd_0_14_src13_hrc00_640x480_yuv422p_vs_src_13_hrc17_640x480_yuv422p_q_640x480aggregate: 40.4233082505

cmd_0_15_src13_hrc00_640x480_yuv422p_vs_src_13_hrc4_640x480_yuv422p_q_640x480aggregate: 53.7831950821

cmd_0_16_src13_hrc00_640x480_yuv422p_vs_src_13_hrc19_640x480_yuv422p_q_640x480aggregate: 17.8261054798

cmd_0_17_src13_hrc00_640x480_yuv422p_vs_src_13_hrc14_640x480_yuv422p_q_640x480aggregate: 72.8800912813

cmd_0_18_src13_hrc00_640x480_yuv422p_vs_src_13_hrc6_640x480_yuv422p_q_640x480aggregate: 73.7354868471

cmd_0_19_src13_hrc00_640x480_yuv422p_vs_src_13_hrc3_640x480_yuv422p_q_640x480aggregate: 64.1097646369

cmd_0_20_src13_hrc00_640x480_yuv422p_vs_src_13_hrc28_640x480_yuv422p_q_640x480aggregate: 35.2466857567

cmd_0_21_src13_hrc00_640x480_yuv422p_vs_src_13_hrc21_640x480_yuv422p_q_640x480aggregate: 85.7728912774

cmd_0_22_src13_hrc00_640x480_yuv422p_vs_src_13_hrc13_640x480_yuv422p_q_640x480aggregate: 84.5756229931

cmd_0_23_src13_hrc00_640x480_yuv422p_vs_src_13_hrc20_640x480_yuv422p_q_640x480aggregate: 7.92274217474

cmd_0_24_src13_hrc00_640x480_yuv422p_vs_src_13_hrc15_640x480_yuv422p_q_640x480aggregate: 51.2344592293

