cmd_0_0_src05_hrc00_640x480_yuv422p_vs_src_5_hrc15_640x480_yuv422p_q_640x480aggregate: 66.6853477706

cmd_0_1_src05_hrc00_640x480_yuv422p_vs_src_5_hrc24_640x480_yuv422p_q_640x480aggregate: 43.8631454832

cmd_0_2_src05_hrc00_640x480_yuv422p_vs_src_5_hrc17_640x480_yuv422p_q_640x480aggregate: 59.9061457067

cmd_0_3_src05_hrc00_640x480_yuv422p_vs_src_5_hrc10_640x480_yuv422p_q_640x480aggregate: 84.6833412318

cmd_0_4_src05_hrc00_640x480_yuv422p_vs_src_5_hrc13_640x480_yuv422p_q_640x480aggregate: 93.5420010203

cmd_0_5_src05_hrc00_640x480_yuv422p_vs_src_5_hrc11_640x480_yuv422p_q_640x480aggregate: 67.8205503256

cmd_0_6_src05_hrc00_640x480_yuv422p_vs_src_5_hrc22_640x480_yuv422p_q_640x480aggregate: 86.0183251573

cmd_0_7_src05_hrc00_640x480_yuv422p_vs_src_5_hrc2_640x480_yuv422p_q_640x480aggregate: 87.085824261

cmd_0_8_src05_hrc00_640x480_yuv422p_vs_src_5_hrc7_640x480_yuv422p_q_640x480aggregate: 71.5649260591

cmd_0_9_src05_hrc00_640x480_yuv422p_vs_src_5_hrc9_640x480_yuv422p_q_640x480aggregate: 93.563910168

cmd_0_10_src05_hrc00_640x480_yuv422p_vs_src_5_hrc1_640x480_yuv422p_q_640x480aggregate: 94.0026479324

cmd_0_11_src05_hrc00_640x480_yuv422p_vs_src_5_hrc21_640x480_yuv422p_q_640x480aggregate: 94.5754417149

cmd_0_12_src05_hrc00_640x480_yuv422p_vs_src_5_hrc14_640x480_yuv422p_q_640x480aggregate: 84.7523851113

cmd_0_13_src05_hrc00_640x480_yuv422p_vs_src_5_hrc23_640x480_yuv422p_q_640x480aggregate: 68.7808540993

cmd_0_14_src05_hrc00_640x480_yuv422p_vs_src_5_hrc18_640x480_yuv422p_q_640x480aggregate: 52.4994340357

cmd_0_15_src05_hrc00_640x480_yuv422p_vs_src_5_hrc12_640x480_yuv422p_q_640x480aggregate: 48.372577788

cmd_0_16_src05_hrc00_640x480_yuv422p_vs_src_5_hrc19_640x480_yuv422p_q_640x480aggregate: 39.0339056409

cmd_0_17_src05_hrc00_640x480_yuv422p_vs_src_5_hrc4_640x480_yuv422p_q_640x480aggregate: 69.9875799071

cmd_0_18_src05_hrc00_640x480_yuv422p_vs_src_5_hrc16_640x480_yuv422p_q_640x480aggregate: 43.0599956528

cmd_0_19_src05_hrc00_640x480_yuv422p_vs_src_5_hrc5_640x480_yuv422p_q_640x480aggregate: 93.7369473275

cmd_0_20_src05_hrc00_640x480_yuv422p_vs_src_5_hrc28_640x480_yuv422p_q_640x480aggregate: 49.8559088357

cmd_0_21_src05_hrc00_640x480_yuv422p_vs_src_5_hrc20_640x480_yuv422p_q_640x480aggregate: 25.8402066316

cmd_0_22_src05_hrc00_640x480_yuv422p_vs_src_5_hrc8_640x480_yuv422p_q_640x480aggregate: 61.4911632583

cmd_0_23_src05_hrc00_640x480_yuv422p_vs_src_5_hrc6_640x480_yuv422p_q_640x480aggregate: 85.5228840917

cmd_0_24_src05_hrc00_640x480_yuv422p_vs_src_5_hrc3_640x480_yuv422p_q_640x480aggregate: 77.8384681797

