cmd_0_0_src01_hrc00_640x480_yuv422p_vs_src_1_hrc18_640x480_yuv422p_q_640x480aggregate: 38.5574290641

cmd_0_1_src01_hrc00_640x480_yuv422p_vs_src_1_hrc13_640x480_yuv422p_q_640x480aggregate: 91.0749818504

cmd_0_2_src01_hrc00_640x480_yuv422p_vs_src_1_hrc23_640x480_yuv422p_q_640x480aggregate: 64.9627770958

cmd_0_3_src01_hrc00_640x480_yuv422p_vs_src_1_hrc11_640x480_yuv422p_q_640x480aggregate: 63.1312933919

cmd_0_4_src01_hrc00_640x480_yuv422p_vs_src_1_hrc28_640x480_yuv422p_q_640x480aggregate: 43.965173789

cmd_0_5_src01_hrc00_640x480_yuv422p_vs_src_1_hrc6_640x480_yuv422p_q_640x480aggregate: 81.4243871341

cmd_0_6_src01_hrc00_640x480_yuv422p_vs_src_1_hrc17_640x480_yuv422p_q_640x480aggregate: 45.5525560601

cmd_0_7_src01_hrc00_640x480_yuv422p_vs_src_1_hrc8_640x480_yuv422p_q_640x480aggregate: 52.7120800659

cmd_0_8_src01_hrc00_640x480_yuv422p_vs_src_1_hrc7_640x480_yuv422p_q_640x480aggregate: 66.0828833369

cmd_0_9_src01_hrc00_640x480_yuv422p_vs_src_1_hrc3_640x480_yuv422p_q_640x480aggregate: 71.6501199294

cmd_0_10_src01_hrc00_640x480_yuv422p_vs_src_1_hrc21_640x480_yuv422p_q_640x480aggregate: 92.1421778436

cmd_0_11_src01_hrc00_640x480_yuv422p_vs_src_1_hrc4_640x480_yuv422p_q_640x480aggregate: 59.7999488947

cmd_0_12_src01_hrc00_640x480_yuv422p_vs_src_1_hrc12_640x480_yuv422p_q_640x480aggregate: 43.3575792082

cmd_0_13_src01_hrc00_640x480_yuv422p_vs_src_1_hrc16_640x480_yuv422p_q_640x480aggregate: 39.3971940494

cmd_0_14_src01_hrc00_640x480_yuv422p_vs_src_1_hrc10_640x480_yuv422p_q_640x480aggregate: 80.949811068

cmd_0_15_src01_hrc00_640x480_yuv422p_vs_src_1_hrc2_640x480_yuv422p_q_640x480aggregate: 82.6694675016

cmd_0_16_src01_hrc00_640x480_yuv422p_vs_src_1_hrc24_640x480_yuv422p_q_640x480aggregate: 40.3412563581

cmd_0_17_src01_hrc00_640x480_yuv422p_vs_src_1_hrc9_640x480_yuv422p_q_640x480aggregate: 90.9074452383

cmd_0_18_src01_hrc00_640x480_yuv422p_vs_src_1_hrc20_640x480_yuv422p_q_640x480aggregate: 16.838796504

cmd_0_19_src01_hrc00_640x480_yuv422p_vs_src_1_hrc14_640x480_yuv422p_q_640x480aggregate: 81.6186734205

cmd_0_20_src01_hrc00_640x480_yuv422p_vs_src_1_hrc15_640x480_yuv422p_q_640x480aggregate: 63.1417615769

cmd_0_21_src01_hrc00_640x480_yuv422p_vs_src_1_hrc19_640x480_yuv422p_q_640x480aggregate: 27.9897196619

cmd_0_22_src01_hrc00_640x480_yuv422p_vs_src_1_hrc1_640x480_yuv422p_q_640x480aggregate: 91.1267536005

cmd_0_23_src01_hrc00_640x480_yuv422p_vs_src_1_hrc22_640x480_yuv422p_q_640x480aggregate: 82.9381401898

cmd_0_24_src01_hrc00_640x480_yuv422p_vs_src_1_hrc5_640x480_yuv422p_q_640x480aggregate: 90.8826331977

