cmd_0_0_Test05_Talking_Head_D01_1280x720_yuv422p_vs_Test05_Talking_Head_D05_1280x720_yuv422p_q_1280x720aggregate: 0.00437590310046

cmd_0_1_Test05_Talking_Head_D01_1280x720_yuv422p_vs_Test05_Talking_Head_D01_1280x720_yuv422p_q_1280x720aggregate: 98.4739652033

cmd_0_2_Test05_Talking_Head_D01_1280x720_yuv422p_vs_Test05_Talking_Head_D02_1280x720_yuv422p_q_1280x720aggregate: 1.76898148246

cmd_0_3_Test05_Talking_Head_D01_1280x720_yuv422p_vs_Test05_Talking_Head_D03_1280x720_yuv422p_q_1280x720aggregate: 1.11622105977

cmd_0_4_Test05_Talking_Head_D01_1280x720_yuv422p_vs_Test05_Talking_Head_D04_1280x720_yuv422p_q_1280x720aggregate: 0.111121432531

cmd_0_5_Test05_Talking_Head_D01_1280x720_yuv422p_vs_Test05_Talking_Head_D06_1280x720_yuv422p_q_1280x720aggregate: 0.473147414389

cmd_0_6_Test05_Talking_Head_D01_1280x720_yuv422p_vs_Test05_Talking_Head_D07_1280x720_yuv422p_q_1280x720aggregate: 0.158284989169

cmd_0_7_Test05_Talking_Head_D01_1280x720_yuv422p_vs_Test05_Talking_Head_D08_1280x720_yuv422p_q_1280x720aggregate: 1.57496378708

cmd_0_8_Test05_Talking_Head_D01_1280x720_yuv422p_vs_Test05_Talking_Head_D09_1280x720_yuv422p_q_1280x720aggregate: 1.72590275961

cmd_0_9_Test05_Talking_Head_D01_1280x720_yuv422p_vs_Test05_Talking_Head_D10_1280x720_yuv422p_q_1280x720aggregate: 0.00459392605801

cmd_0_10_Test05_Talking_Head_D01_1280x720_yuv422p_vs_Test05_Talking_Head_D11_1280x720_yuv422p_q_1280x720aggregate: 1.44627100399

cmd_0_11_Test05_Talking_Head_D01_1280x720_yuv422p_vs_Test05_Talking_Head_D12_1280x720_yuv422p_q_1280x720aggregate: 2.2055227281

cmd_0_12_Test05_Talking_Head_D01_1280x720_yuv422p_vs_Test05_Talking_Head_D13_1280x720_yuv422p_q_1280x720aggregate: 2.37372581527

cmd_0_13_Test05_Talking_Head_D01_1280x720_yuv422p_vs_Test05_Talking_Head_D14_1280x720_yuv422p_q_1280x720aggregate: 0.00908444201856

cmd_0_14_Test05_Talking_Head_D01_1280x720_yuv422p_vs_Test05_Talking_Head_D15_1280x720_yuv422p_q_1280x720aggregate: 2.19968307892

cmd_0_15_Test05_Talking_Head_D01_1280x720_yuv422p_vs_Test05_Talking_Head_D16_1280x720_yuv422p_q_1280x720aggregate: 2.15293832076

