cmd_0_0_Test01_City_D01_640x480_yuv422p_vs_Test01_City_D01_640x480_yuv422p_q_640x480aggregate: 99.7953772905

cmd_0_1_Test01_City_D01_640x480_yuv422p_vs_Test01_City_D02_640x480_yuv422p_q_640x480aggregate: 1.3867880644

cmd_0_2_Test01_City_D01_640x480_yuv422p_vs_Test01_City_D03_640x480_yuv422p_q_640x480aggregate: 0.350429073916

cmd_0_3_Test01_City_D01_640x480_yuv422p_vs_Test01_City_D04_640x480_yuv422p_q_640x480aggregate: 8.58775836333

cmd_0_4_Test01_City_D01_640x480_yuv422p_vs_Test01_City_D05_640x480_yuv422p_q_640x480aggregate: 0.531778127155

cmd_0_5_Test01_City_D01_640x480_yuv422p_vs_Test01_City_D06_640x480_yuv422p_q_640x480aggregate: 4.2449982017

cmd_0_6_Test01_City_D01_640x480_yuv422p_vs_Test01_City_D07_640x480_yuv422p_q_640x480aggregate: 4.64352618866

cmd_0_7_Test01_City_D01_640x480_yuv422p_vs_Test01_City_D08_640x480_yuv422p_q_640x480aggregate: 4.40971783176

cmd_0_8_Test01_City_D01_640x480_yuv422p_vs_Test01_City_D09_640x480_yuv422p_q_640x480aggregate: 5.3259802178

