cmd_0_0_Test03_Newspaper_D01_1280x720_yuv422p_vs_Test03_Newspaper_D04_1280x720_yuv422p_q_1280x720aggregate: 6.04647057791

cmd_0_1_Test03_Newspaper_D01_1280x720_yuv422p_vs_Test03_Newspaper_D01_1280x720_yuv422p_q_1280x720aggregate: 98.0245341797

cmd_0_2_Test03_Newspaper_D01_1280x720_yuv422p_vs_Test03_Newspaper_D02_1280x720_yuv422p_q_1280x720aggregate: 0.813779326722

cmd_0_3_Test03_Newspaper_D01_1280x720_yuv422p_vs_Test03_Newspaper_D03_1280x720_yuv422p_q_1280x720aggregate: 2.90648280852

cmd_0_4_Test03_Newspaper_D01_1280x720_yuv422p_vs_Test03_Newspaper_D05_1280x720_yuv422p_q_1280x720aggregate: 9.29897144956

cmd_0_5_Test03_Newspaper_D01_1280x720_yuv422p_vs_Test03_Newspaper_D06_1280x720_yuv422p_q_1280x720aggregate: 0.0942455130531

cmd_0_6_Test03_Newspaper_D01_1280x720_yuv422p_vs_Test03_Newspaper_D07_1280x720_yuv422p_q_1280x720aggregate: 5.62082172515

cmd_0_7_Test03_Newspaper_D01_1280x720_yuv422p_vs_Test03_Newspaper_D08_1280x720_yuv422p_q_1280x720aggregate: 3.10172015713

cmd_0_8_Test03_Newspaper_D01_1280x720_yuv422p_vs_Test03_Newspaper_D09_1280x720_yuv422p_q_1280x720aggregate: 3.45098287536

cmd_0_9_Test03_Newspaper_D01_1280x720_yuv422p_vs_Test03_Newspaper_D10_1280x720_yuv422p_q_1280x720aggregate: 5.5784632617

cmd_0_10_Test03_Newspaper_D01_1280x720_yuv422p_vs_Test03_Newspaper_D11_1280x720_yuv422p_q_1280x720aggregate: 4.93638303522

cmd_0_11_Test03_Newspaper_D01_1280x720_yuv422p_vs_Test03_Newspaper_D12_1280x720_yuv422p_q_1280x720aggregate: 5.23615670747

cmd_0_12_Test03_Newspaper_D01_1280x720_yuv422p_vs_Test03_Newspaper_D13_1280x720_yuv422p_q_1280x720aggregate: 5.90621755971

