cmd_0_0_Test04_City_D01_1280x720_yuv422p_vs_Test04_City_D04_1280x720_yuv422p_q_1280x720aggregate: 6.44138285575

cmd_0_1_Test04_City_D01_1280x720_yuv422p_vs_Test04_City_D01_1280x720_yuv422p_q_1280x720aggregate: 99.9942838393

cmd_0_2_Test04_City_D01_1280x720_yuv422p_vs_Test04_City_D02_1280x720_yuv422p_q_1280x720aggregate: 5.63792965192

cmd_0_3_Test04_City_D01_1280x720_yuv422p_vs_Test04_City_D03_1280x720_yuv422p_q_1280x720aggregate: 4.96538604736

cmd_0_4_Test04_City_D01_1280x720_yuv422p_vs_Test04_City_D05_1280x720_yuv422p_q_1280x720aggregate: 8.17177814075

cmd_0_5_Test04_City_D01_1280x720_yuv422p_vs_Test04_City_D06_1280x720_yuv422p_q_1280x720aggregate: 3.3258203277

cmd_0_6_Test04_City_D01_1280x720_yuv422p_vs_Test04_City_D07_1280x720_yuv422p_q_1280x720aggregate: 7.78230809066

cmd_0_7_Test04_City_D01_1280x720_yuv422p_vs_Test04_City_D08_1280x720_yuv422p_q_1280x720aggregate: 7.51072605306

cmd_0_8_Test04_City_D01_1280x720_yuv422p_vs_Test04_City_D09_1280x720_yuv422p_q_1280x720aggregate: 6.47587587592

cmd_0_9_Test04_City_D01_1280x720_yuv422p_vs_Test04_City_D10_1280x720_yuv422p_q_1280x720aggregate: 7.53127868327

cmd_0_10_Test04_City_D01_1280x720_yuv422p_vs_Test04_City_D11_1280x720_yuv422p_q_1280x720aggregate: 5.47009614467

cmd_0_11_Test04_City_D01_1280x720_yuv422p_vs_Test04_City_D12_1280x720_yuv422p_q_1280x720aggregate: 6.22643095246

cmd_0_12_Test04_City_D01_1280x720_yuv422p_vs_Test04_City_D13_1280x720_yuv422p_q_1280x720aggregate: 6.959619821

cmd_0_13_Test04_City_D01_1280x720_yuv422p_vs_Test04_City_D14_1280x720_yuv422p_q_1280x720aggregate: 6.21529961745

