cmd_0_0_Test06_Television_D01_1280x720_yuv422p_vs_Test06_Television_D05_1280x720_yuv422p_q_1280x720aggregate: 30.4732877831

cmd_0_1_Test06_Television_D01_1280x720_yuv422p_vs_Test06_Television_D01_1280x720_yuv422p_q_1280x720aggregate: 98.801442889

cmd_0_2_Test06_Television_D01_1280x720_yuv422p_vs_Test06_Television_D02_1280x720_yuv422p_q_1280x720aggregate: 21.0901310056

cmd_0_3_Test06_Television_D01_1280x720_yuv422p_vs_Test06_Television_D03_1280x720_yuv422p_q_1280x720aggregate: 14.0930957899

cmd_0_4_Test06_Television_D01_1280x720_yuv422p_vs_Test06_Television_D04_1280x720_yuv422p_q_1280x720aggregate: 16.2160972789

cmd_0_5_Test06_Television_D01_1280x720_yuv422p_vs_Test06_Television_D06_1280x720_yuv422p_q_1280x720aggregate: 29.9320189157

cmd_0_6_Test06_Television_D01_1280x720_yuv422p_vs_Test06_Television_D07_1280x720_yuv422p_q_1280x720aggregate: 37.0642265788

cmd_0_7_Test06_Television_D01_1280x720_yuv422p_vs_Test06_Television_D08_1280x720_yuv422p_q_1280x720aggregate: 12.8169040657

cmd_0_8_Test06_Television_D01_1280x720_yuv422p_vs_Test06_Television_D09_1280x720_yuv422p_q_1280x720aggregate: 3.48089304374

cmd_0_9_Test06_Television_D01_1280x720_yuv422p_vs_Test06_Television_D10_1280x720_yuv422p_q_1280x720aggregate: 15.0698468298

cmd_0_10_Test06_Television_D01_1280x720_yuv422p_vs_Test06_Television_D11_1280x720_yuv422p_q_1280x720aggregate: 9.35957590952

cmd_0_11_Test06_Television_D01_1280x720_yuv422p_vs_Test06_Television_D12_1280x720_yuv422p_q_1280x720aggregate: 21.8021634493

cmd_0_12_Test06_Television_D01_1280x720_yuv422p_vs_Test06_Television_D13_1280x720_yuv422p_q_1280x720aggregate: 19.3665471183

cmd_0_13_Test06_Television_D01_1280x720_yuv422p_vs_Test06_Television_D14_1280x720_yuv422p_q_1280x720aggregate: 12.0577646418

cmd_0_14_Test06_Television_D01_1280x720_yuv422p_vs_Test06_Television_D15_1280x720_yuv422p_q_1280x720aggregate: 10.3295955153

cmd_0_15_Test06_Television_D01_1280x720_yuv422p_vs_Test06_Television_D16_1280x720_yuv422p_q_1280x720aggregate: 11.5648721816

