cmd_0_0_Test05_City_D01_1280x720_yuv422p_vs_Test05_City_D04_1280x720_yuv422p_q_1280x720aggregate: 2.3692932633

cmd_0_1_Test05_City_D01_1280x720_yuv422p_vs_Test05_City_D01_1280x720_yuv422p_q_1280x720aggregate: 99.9915801143

cmd_0_2_Test05_City_D01_1280x720_yuv422p_vs_Test05_City_D02_1280x720_yuv422p_q_1280x720aggregate: 1.27236078401

cmd_0_3_Test05_City_D01_1280x720_yuv422p_vs_Test05_City_D03_1280x720_yuv422p_q_1280x720aggregate: 1.57329084254

cmd_0_4_Test05_City_D01_1280x720_yuv422p_vs_Test05_City_D05_1280x720_yuv422p_q_1280x720aggregate: 1.57360830773

cmd_0_5_Test05_City_D01_1280x720_yuv422p_vs_Test05_City_D06_1280x720_yuv422p_q_1280x720aggregate: 1.24970897632

cmd_0_6_Test05_City_D01_1280x720_yuv422p_vs_Test05_City_D07_1280x720_yuv422p_q_1280x720aggregate: 1.69511042776

cmd_0_7_Test05_City_D01_1280x720_yuv422p_vs_Test05_City_D08_1280x720_yuv422p_q_1280x720aggregate: 1.54843221125

cmd_0_8_Test05_City_D01_1280x720_yuv422p_vs_Test05_City_D09_1280x720_yuv422p_q_1280x720aggregate: 2.10979706166

cmd_0_9_Test05_City_D01_1280x720_yuv422p_vs_Test05_City_D10_1280x720_yuv422p_q_1280x720aggregate: 1.75590897584

cmd_0_10_Test05_City_D01_1280x720_yuv422p_vs_Test05_City_D11_1280x720_yuv422p_q_1280x720aggregate: 1.43539166277

cmd_0_11_Test05_City_D01_1280x720_yuv422p_vs_Test05_City_D12_1280x720_yuv422p_q_1280x720aggregate: 1.5042252557

cmd_0_12_Test05_City_D01_1280x720_yuv422p_vs_Test05_City_D13_1280x720_yuv422p_q_1280x720aggregate: 1.90391444819

cmd_0_13_Test05_City_D01_1280x720_yuv422p_vs_Test05_City_D14_1280x720_yuv422p_q_1280x720aggregate: 1.43461842024

cmd_0_14_Test05_City_D01_1280x720_yuv422p_vs_Test05_City_D15_1280x720_yuv422p_q_1280x720aggregate: 1.62167480977

cmd_0_15_Test05_City_D01_1280x720_yuv422p_vs_Test05_City_D16_1280x720_yuv422p_q_1280x720aggregate: 1.87967284472

