cmd_0_0_Test03_Talking_Head_D01_1280x720_yuv422p_vs_Test03_Talking_Head_D04_1280x720_yuv422p_q_1280x720aggregate: 1.47299170805

cmd_0_1_Test03_Talking_Head_D01_1280x720_yuv422p_vs_Test03_Talking_Head_D01_1280x720_yuv422p_q_1280x720aggregate: 98.3989056814

cmd_0_2_Test03_Talking_Head_D01_1280x720_yuv422p_vs_Test03_Talking_Head_D02_1280x720_yuv422p_q_1280x720aggregate: 0.0

cmd_0_3_Test03_Talking_Head_D01_1280x720_yuv422p_vs_Test03_Talking_Head_D03_1280x720_yuv422p_q_1280x720aggregate: 1.0492986343

cmd_0_4_Test03_Talking_Head_D01_1280x720_yuv422p_vs_Test03_Talking_Head_D05_1280x720_yuv422p_q_1280x720aggregate: 0.162180982006

cmd_0_5_Test03_Talking_Head_D01_1280x720_yuv422p_vs_Test03_Talking_Head_D06_1280x720_yuv422p_q_1280x720aggregate: 0.0

cmd_0_6_Test03_Talking_Head_D01_1280x720_yuv422p_vs_Test03_Talking_Head_D07_1280x720_yuv422p_q_1280x720aggregate: 0.0

cmd_0_7_Test03_Talking_Head_D01_1280x720_yuv422p_vs_Test03_Talking_Head_D08_1280x720_yuv422p_q_1280x720aggregate: 0.0

cmd_0_8_Test03_Talking_Head_D01_1280x720_yuv422p_vs_Test03_Talking_Head_D09_1280x720_yuv422p_q_1280x720aggregate: 0.0

cmd_0_9_Test03_Talking_Head_D01_1280x720_yuv422p_vs_Test03_Talking_Head_D10_1280x720_yuv422p_q_1280x720aggregate: 0.0

cmd_0_10_Test03_Talking_Head_D01_1280x720_yuv422p_vs_Test03_Talking_Head_D11_1280x720_yuv422p_q_1280x720aggregate: 0.0

cmd_0_11_Test03_Talking_Head_D01_1280x720_yuv422p_vs_Test03_Talking_Head_D12_1280x720_yuv422p_q_1280x720aggregate: 0.0

cmd_0_12_Test03_Talking_Head_D01_1280x720_yuv422p_vs_Test03_Talking_Head_D13_1280x720_yuv422p_q_1280x720aggregate: 0.0

