cmd_0_0_Test04_Newspaper_D01_1280x720_vs_Test04_Newspaper_D04_1280x720_q_1280x720aggregate: 2.5035000309

cmd_0_1_Test04_Newspaper_D01_1280x720_vs_Test04_Newspaper_D01_1280x720_q_1280x720aggregate: 98.2749806199

cmd_0_2_Test04_Newspaper_D01_1280x720_vs_Test04_Newspaper_D02_1280x720_q_1280x720aggregate: 0.884949544175

cmd_0_3_Test04_Newspaper_D01_1280x720_vs_Test04_Newspaper_D03_1280x720_q_1280x720aggregate: 2.24047976197

cmd_0_4_Test04_Newspaper_D01_1280x720_vs_Test04_Newspaper_D05_1280x720_q_1280x720aggregate: 2.61721645801

cmd_0_5_Test04_Newspaper_D01_1280x720_vs_Test04_Newspaper_D06_1280x720_q_1280x720aggregate: 0.373732364363

cmd_0_6_Test04_Newspaper_D01_1280x720_vs_Test04_Newspaper_D07_1280x720_q_1280x720aggregate: 2.02204465686

cmd_0_7_Test04_Newspaper_D01_1280x720_vs_Test04_Newspaper_D08_1280x720_q_1280x720aggregate: 1.62458382989

cmd_0_8_Test04_Newspaper_D01_1280x720_yuv422p_vs_Test04_Newspaper_D09_1280x720_yuv422p_q_1280x720aggregate: 44.4564895775

cmd_0_9_Test04_Newspaper_D01_1280x720_yuv422p_vs_Test04_Newspaper_D10_1280x720_yuv422p_q_1280x720aggregate: 45.0580414317

cmd_0_10_Test04_Newspaper_D01_1280x720_yuv422p_vs_Test04_Newspaper_D11_1280x720_yuv422p_q_1280x720aggregate: 43.4788616894

cmd_0_11_Test04_Newspaper_D01_1280x720_yuv422p_vs_Test04_Newspaper_D12_1280x720_yuv422p_q_1280x720aggregate: 45.221326296

cmd_0_12_Test04_Newspaper_D01_1280x720_yuv422p_vs_Test04_Newspaper_D13_1280x720_yuv422p_q_1280x720aggregate: 44.8591479432

cmd_0_13_Test04_Newspaper_D01_1280x720_yuv422p_vs_Test04_Newspaper_D14_1280x720_yuv422p_q_1280x720aggregate: 43.3544229021

