cmd_0_0_Test02_City_D01_640x480_yuv422p_vs_Test02_City_D01_640x480_yuv422p_q_640x480aggregate: 99.7558659393

cmd_0_1_Test02_City_D01_640x480_yuv422p_vs_Test02_City_D02_640x480_yuv422p_q_640x480aggregate: 12.3244452809

cmd_0_2_Test02_City_D01_640x480_yuv422p_vs_Test02_City_D03_640x480_yuv422p_q_640x480aggregate: 6.17895149854

cmd_0_3_Test02_City_D01_640x480_yuv422p_vs_Test02_City_D04_640x480_yuv422p_q_640x480aggregate: 8.56552826008

cmd_0_4_Test02_City_D01_640x480_yuv422p_vs_Test02_City_D05_640x480_yuv422p_q_640x480aggregate: 8.59264961665

cmd_0_5_Test02_City_D01_640x480_yuv422p_vs_Test02_City_D06_640x480_yuv422p_q_640x480aggregate: 8.61591547124

cmd_0_6_Test02_City_D01_640x480_yuv422p_vs_Test02_City_D07_640x480_yuv422p_q_640x480aggregate: 7.1196947009

cmd_0_7_Test02_City_D01_640x480_yuv422p_vs_Test02_City_D08_640x480_yuv422p_q_640x480aggregate: 8.94954045757

cmd_0_8_Test02_City_D01_640x480_yuv422p_vs_Test02_City_D09_640x480_yuv422p_q_640x480aggregate: 9.15968210762

cmd_0_9_Test02_City_D01_640x480_yuv422p_vs_Test02_City_D10_640x480_yuv422p_q_640x480aggregate: 6.2227939243

