cmd_0_0_Test02_Traffic_D01_640x480_yuv422p_vs_Test02_Traffic_D01_640x480_yuv422p_q_640x480aggregate: 98.2807479616

cmd_0_1_Test02_Traffic_D01_640x480_yuv422p_vs_Test02_Traffic_D02_640x480_yuv422p_q_640x480aggregate: 19.0417697722

cmd_0_2_Test02_Traffic_D01_640x480_yuv422p_vs_Test02_Traffic_D03_640x480_yuv422p_q_640x480aggregate: 26.400244386

cmd_0_3_Test02_Traffic_D01_640x480_yuv422p_vs_Test02_Traffic_D04_640x480_yuv422p_q_640x480aggregate: 21.3818574186

cmd_0_4_Test02_Traffic_D01_640x480_yuv422p_vs_Test02_Traffic_D05_640x480_yuv422p_q_640x480aggregate: 16.4154024404

cmd_0_5_Test02_Traffic_D01_640x480_yuv422p_vs_Test02_Traffic_D06_640x480_yuv422p_q_640x480aggregate: 17.3486360164

cmd_0_6_Test02_Traffic_D01_640x480_yuv422p_vs_Test02_Traffic_D07_640x480_yuv422p_q_640x480aggregate: 14.7220752135

cmd_0_7_Test02_Traffic_D01_640x480_yuv422p_vs_Test02_Traffic_D08_640x480_yuv422p_q_640x480aggregate: 23.5032323904

cmd_0_8_Test02_Traffic_D01_640x480_yuv422p_vs_Test02_Traffic_D09_640x480_yuv422p_q_640x480aggregate: 31.2522510993

cmd_0_9_Test02_Traffic_D01_640x480_yuv422p_vs_Test02_Traffic_D10_640x480_yuv422p_q_640x480aggregate: 16.1744721096

