cmd_0_0_Test01_Traffic_D01_640x480_yuv422p_vs_Test01_Traffic_D01_640x480_yuv422p_q_640x480aggregate: 98.879360653

cmd_0_1_Test01_Traffic_D01_640x480_yuv422p_vs_Test01_Traffic_D02_640x480_yuv422p_q_640x480aggregate: 1.02840366774

cmd_0_2_Test01_Traffic_D01_640x480_yuv422p_vs_Test01_Traffic_D03_640x480_yuv422p_q_640x480aggregate: 2.01245011874

cmd_0_3_Test01_Traffic_D01_640x480_yuv422p_vs_Test01_Traffic_D04_640x480_yuv422p_q_640x480aggregate: 0.300842428714

cmd_0_4_Test01_Traffic_D01_640x480_yuv422p_vs_Test01_Traffic_D05_640x480_yuv422p_q_640x480aggregate: 0.0516677740106

cmd_0_5_Test01_Traffic_D01_640x480_yuv422p_vs_Test01_Traffic_D06_640x480_yuv422p_q_640x480aggregate: 0.0

cmd_0_6_Test01_Traffic_D01_640x480_yuv422p_vs_Test01_Traffic_D07_640x480_yuv422p_q_640x480aggregate: 14.2505112768

cmd_0_7_Test01_Traffic_D01_640x480_yuv422p_vs_Test01_Traffic_D08_640x480_yuv422p_q_640x480aggregate: 12.6186431946

cmd_0_8_Test01_Traffic_D01_640x480_yuv422p_vs_Test01_Traffic_D09_640x480_yuv422p_q_640x480aggregate: 6.69937235836

