cmd_0_0_Test01_Talking_Head_D01_640x480_yuv422p_vs_Test01_Talking_Head_D01_640x480_yuv422p_q_640x480aggregate: 98.2740979851

cmd_0_1_Test01_Talking_Head_D01_640x480_yuv422p_vs_Test01_Talking_Head_D02_640x480_yuv422p_q_640x480aggregate: 10.2392784743

cmd_0_2_Test01_Talking_Head_D01_640x480_yuv422p_vs_Test01_Talking_Head_D03_640x480_yuv422p_q_640x480aggregate: 14.9181608099

cmd_0_3_Test01_Talking_Head_D01_640x480_yuv422p_vs_Test01_Talking_Head_D04_640x480_yuv422p_q_640x480aggregate: 0.0

cmd_0_4_Test01_Talking_Head_D01_640x480_yuv422p_vs_Test01_Talking_Head_D05_640x480_yuv422p_q_640x480aggregate: 5.86513781026

cmd_0_5_Test01_Talking_Head_D01_640x480_yuv422p_vs_Test01_Talking_Head_D06_640x480_yuv422p_q_640x480aggregate: 0.174671753291

cmd_0_6_Test01_Talking_Head_D01_640x480_yuv422p_vs_Test01_Talking_Head_D07_640x480_yuv422p_q_640x480aggregate: 16.0847743504

cmd_0_7_Test01_Talking_Head_D01_640x480_yuv422p_vs_Test01_Talking_Head_D08_640x480_yuv422p_q_640x480aggregate: 0.0

cmd_0_8_Test01_Talking_Head_D01_640x480_yuv422p_vs_Test01_Talking_Head_D09_640x480_yuv422p_q_640x480aggregate: 0.0

