cmd_0_0_Test05_Television_D01_1280x720_yuv422p_vs_Test05_Television_D05_1280x720_yuv422p_q_1280x720aggregate: 2.6167552645

cmd_0_1_Test05_Television_D01_1280x720_yuv422p_vs_Test05_Television_D01_1280x720_yuv422p_q_1280x720aggregate: 98.9863493009

cmd_0_2_Test05_Television_D01_1280x720_yuv422p_vs_Test05_Television_D02_1280x720_yuv422p_q_1280x720aggregate: 1.9325809331

cmd_0_3_Test05_Television_D01_1280x720_yuv422p_vs_Test05_Television_D03_1280x720_yuv422p_q_1280x720aggregate: 5.59733141264

cmd_0_4_Test05_Television_D01_1280x720_yuv422p_vs_Test05_Television_D04_1280x720_yuv422p_q_1280x720aggregate: 2.69555536125

cmd_0_5_Test05_Television_D01_1280x720_yuv422p_vs_Test05_Television_D06_1280x720_yuv422p_q_1280x720aggregate: 4.58393458869

cmd_0_6_Test05_Television_D01_1280x720_yuv422p_vs_Test05_Television_D07_1280x720_yuv422p_q_1280x720aggregate: 4.5350188283

cmd_0_7_Test05_Television_D01_1280x720_yuv422p_vs_Test05_Television_D08_1280x720_yuv422p_q_1280x720aggregate: 0.931267806213

cmd_0_8_Test05_Television_D01_1280x720_yuv422p_vs_Test05_Television_D09_1280x720_yuv422p_q_1280x720aggregate: 1.83659202936

cmd_0_9_Test05_Television_D01_1280x720_yuv422p_vs_Test05_Television_D10_1280x720_yuv422p_q_1280x720aggregate: 1.7856088555

cmd_0_10_Test05_Television_D01_1280x720_yuv422p_vs_Test05_Television_D11_1280x720_yuv422p_q_1280x720aggregate: 1.45697943528

cmd_0_11_Test05_Television_D01_1280x720_yuv422p_vs_Test05_Television_D12_1280x720_yuv422p_q_1280x720aggregate: 2.50023123479

cmd_0_12_Test05_Television_D01_1280x720_yuv422p_vs_Test05_Television_D13_1280x720_yuv422p_q_1280x720aggregate: 1.08346665081

cmd_0_13_Test05_Television_D01_1280x720_yuv422p_vs_Test05_Television_D14_1280x720_yuv422p_q_1280x720aggregate: 2.11269474458

cmd_0_14_Test05_Television_D01_1280x720_yuv422p_vs_Test05_Television_D15_1280x720_yuv422p_q_1280x720aggregate: 2.19358440473

cmd_0_15_Test05_Television_D01_1280x720_yuv422p_vs_Test05_Television_D16_1280x720_yuv422p_q_1280x720aggregate: 5.29565605103

