cmd_0_0_Test03_City_D01_1280x720_yuv422p_vs_Test03_City_D05_1280x720_yuv422p_q_1280x720aggregate: 5.02638839976

cmd_0_1_Test03_City_D01_1280x720_yuv422p_vs_Test03_City_D01_1280x720_yuv422p_q_1280x720aggregate: 99.7192423499

cmd_0_2_Test03_City_D01_1280x720_yuv422p_vs_Test03_City_D02_1280x720_yuv422p_q_1280x720aggregate: 5.25408440146

cmd_0_3_Test03_City_D01_1280x720_yuv422p_vs_Test03_City_D03_1280x720_yuv422p_q_1280x720aggregate: 9.08946377087

cmd_0_4_Test03_City_D01_1280x720_yuv422p_vs_Test03_City_D04_1280x720_yuv422p_q_1280x720aggregate: 6.9406752853

cmd_0_5_Test03_City_D01_1280x720_yuv422p_vs_Test03_City_D06_1280x720_yuv422p_q_1280x720aggregate: 6.9399237659

cmd_0_6_Test03_City_D01_1280x720_yuv422p_vs_Test03_City_D07_1280x720_yuv422p_q_1280x720aggregate: 6.57255904165

cmd_0_7_Test03_City_D01_1280x720_yuv422p_vs_Test03_City_D08_1280x720_yuv422p_q_1280x720aggregate: 5.95377941387

cmd_0_8_Test03_City_D01_1280x720_yuv422p_vs_Test03_City_D09_1280x720_yuv422p_q_1280x720aggregate: 5.75942200131

cmd_0_9_Test03_City_D01_1280x720_yuv422p_vs_Test03_City_D10_1280x720_yuv422p_q_1280x720aggregate: 7.98300167846

cmd_0_10_Test03_City_D01_1280x720_yuv422p_vs_Test03_City_D11_1280x720_yuv422p_q_1280x720aggregate: 6.20295900715

cmd_0_11_Test03_City_D01_1280x720_yuv422p_vs_Test03_City_D12_1280x720_yuv422p_q_1280x720aggregate: 7.68686565188

cmd_0_12_Test03_City_D01_1280x720_yuv422p_vs_Test03_City_D13_1280x720_yuv422p_q_1280x720aggregate: 4.81981942968

