cmd_0_0_Test04_Talking_Head_D01_1280x720_yuv422p_vs_Test04_Talking_Head_D04_1280x720_yuv422p_q_1280x720aggregate: 0.00152569660554

cmd_0_1_Test04_Talking_Head_D01_1280x720_yuv422p_vs_Test04_Talking_Head_D01_1280x720_yuv422p_q_1280x720aggregate: 98.4644135388

cmd_0_2_Test04_Talking_Head_D01_1280x720_yuv422p_vs_Test04_Talking_Head_D02_1280x720_yuv422p_q_1280x720aggregate: 0.0

cmd_0_3_Test04_Talking_Head_D01_1280x720_yuv422p_vs_Test04_Talking_Head_D03_1280x720_yuv422p_q_1280x720aggregate: 0.0

cmd_0_4_Test04_Talking_Head_D01_1280x720_yuv422p_vs_Test04_Talking_Head_D05_1280x720_yuv422p_q_1280x720aggregate: 0.0562923292664

cmd_0_5_Test04_Talking_Head_D01_1280x720_yuv422p_vs_Test04_Talking_Head_D06_1280x720_yuv422p_q_1280x720aggregate: 0.0

cmd_0_6_Test04_Talking_Head_D01_1280x720_yuv422p_vs_Test04_Talking_Head_D07_1280x720_yuv422p_q_1280x720aggregate: 0.0

cmd_0_7_Test04_Talking_Head_D01_1280x720_yuv422p_vs_Test04_Talking_Head_D08_1280x720_yuv422p_q_1280x720aggregate: 0.0

cmd_0_8_Test04_Talking_Head_D01_1280x720_yuv422p_vs_Test04_Talking_Head_D09_1280x720_yuv422p_q_1280x720aggregate: 0.0

cmd_0_9_Test04_Talking_Head_D01_1280x720_yuv422p_vs_Test04_Talking_Head_D10_1280x720_yuv422p_q_1280x720aggregate: 0.0018697936735

cmd_0_10_Test04_Talking_Head_D01_1280x720_yuv422p_vs_Test04_Talking_Head_D11_1280x720_yuv422p_q_1280x720aggregate: 0.0

cmd_0_11_Test04_Talking_Head_D01_1280x720_yuv422p_vs_Test04_Talking_Head_D12_1280x720_yuv422p_q_1280x720aggregate: 0.0

cmd_0_12_Test04_Talking_Head_D01_1280x720_yuv422p_vs_Test04_Talking_Head_D13_1280x720_yuv422p_q_1280x720aggregate: 0.0

cmd_0_13_Test04_Talking_Head_D01_1280x720_yuv422p_vs_Test04_Talking_Head_D14_1280x720_yuv422p_q_1280x720aggregate: 0.0

