cmd_0_0_Test06_City_D01_1280x720_yuv422p_vs_Test06_City_D04_1280x720_yuv422p_q_1280x720aggregate: 3.06480636707

cmd_0_1_Test06_City_D01_1280x720_yuv422p_vs_Test06_City_D01_1280x720_yuv422p_q_1280x720aggregate: 99.9882345752

cmd_0_2_Test06_City_D01_1280x720_yuv422p_vs_Test06_City_D02_1280x720_yuv422p_q_1280x720aggregate: 1.55919223047

cmd_0_3_Test06_City_D01_1280x720_yuv422p_vs_Test06_City_D03_1280x720_yuv422p_q_1280x720aggregate: 1.92325646465

cmd_0_4_Test06_City_D01_1280x720_yuv422p_vs_Test06_City_D05_1280x720_yuv422p_q_1280x720aggregate: 1.9097736182

cmd_0_5_Test06_City_D01_1280x720_yuv422p_vs_Test06_City_D06_1280x720_yuv422p_q_1280x720aggregate: 1.85901495055

cmd_0_6_Test06_City_D01_1280x720_yuv422p_vs_Test06_City_D07_1280x720_yuv422p_q_1280x720aggregate: 1.56954578223

cmd_0_7_Test06_City_D01_1280x720_yuv422p_vs_Test06_City_D08_1280x720_yuv422p_q_1280x720aggregate: 2.17519335052

cmd_0_8_Test06_City_D01_1280x720_yuv422p_vs_Test06_City_D09_1280x720_yuv422p_q_1280x720aggregate: 0.607498946732

cmd_0_9_Test06_City_D01_1280x720_yuv422p_vs_Test06_City_D10_1280x720_yuv422p_q_1280x720aggregate: 1.05635215033

cmd_0_10_Test06_City_D01_1280x720_yuv422p_vs_Test06_City_D11_1280x720_yuv422p_q_1280x720aggregate: 1.54083521844

cmd_0_11_Test06_City_D01_1280x720_yuv422p_vs_Test06_City_D12_1280x720_yuv422p_q_1280x720aggregate: 2.22587452382

cmd_0_12_Test06_City_D01_1280x720_yuv422p_vs_Test06_City_D13_1280x720_yuv422p_q_1280x720aggregate: 2.44297533828

cmd_0_13_Test06_City_D01_1280x720_yuv422p_vs_Test06_City_D14_1280x720_yuv422p_q_1280x720aggregate: 2.41098114274

cmd_0_14_Test06_City_D01_1280x720_yuv422p_vs_Test06_City_D15_1280x720_yuv422p_q_1280x720aggregate: 2.29276955362

cmd_0_15_Test06_City_D01_1280x720_yuv422p_vs_Test06_City_D16_1280x720_yuv422p_q_1280x720aggregate: 1.52013592498

