cmd_0_0_Test02_Talking_Head_D01_640x480_yuv422p_vs_Test02_Talking_Head_D01_640x480_yuv422p_q_640x480aggregate: 98.2031820749

cmd_0_1_Test02_Talking_Head_D01_640x480_yuv422p_vs_Test02_Talking_Head_D02_640x480_yuv422p_q_640x480aggregate: 0.0

cmd_0_2_Test02_Talking_Head_D01_640x480_yuv422p_vs_Test02_Talking_Head_D03_640x480_yuv422p_q_640x480aggregate: 8.20927888419

cmd_0_3_Test02_Talking_Head_D01_640x480_yuv422p_vs_Test02_Talking_Head_D04_640x480_yuv422p_q_640x480aggregate: 5.07299357429

cmd_0_4_Test02_Talking_Head_D01_640x480_yuv422p_vs_Test02_Talking_Head_D05_640x480_yuv422p_q_640x480aggregate: 0.0

cmd_0_5_Test02_Talking_Head_D01_640x480_yuv422p_vs_Test02_Talking_Head_D06_640x480_yuv422p_q_640x480aggregate: 0.0

cmd_0_6_Test02_Talking_Head_D01_640x480_yuv422p_vs_Test02_Talking_Head_D07_640x480_yuv422p_q_640x480aggregate: 3.14572240767

cmd_0_7_Test02_Talking_Head_D01_640x480_yuv422p_vs_Test02_Talking_Head_D08_640x480_yuv422p_q_640x480aggregate: 14.8813799631

cmd_0_8_Test02_Talking_Head_D01_640x480_yuv422p_vs_Test02_Talking_Head_D09_640x480_yuv422p_q_640x480aggregate: 9.54460274166

cmd_0_9_Test02_Talking_Head_D01_640x480_yuv422p_vs_Test02_Talking_Head_D10_640x480_yuv422p_q_640x480aggregate: 7.69671259387

