cmd_0_0_SOCCER_704x576_vs_SOCCER_plr1_7_4109_704x576_q_704x576aggregate: 98.9639598773

cmd_0_1_SOCCER_704x576_vs_SOCCER_plr5_9_7393_704x576_q_704x576aggregate: 83.7177396727

cmd_0_2_SOCCER_704x576_vs_SOCCER_plr10_6_6859_704x576_q_704x576aggregate: 64.9306793187

cmd_0_3_SOCCER_704x576_vs_SOCCER_704x576_q_704x576aggregate: 99.9913681048

cmd_0_4_SOCCER_704x576_vs_SOCCER_plr0.1_4_4374_704x576_q_704x576aggregate: 99.402274059

cmd_0_5_SOCCER_704x576_vs_SOCCER_plr0.4_4_4374_704x576_q_704x576aggregate: 99.7695059649

cmd_0_6_SOCCER_704x576_vs_SOCCER_plr10_2_2081_704x576_q_704x576aggregate: 64.9967791003

cmd_0_7_SOCCER_704x576_vs_SOCCER_plr3_2_2081_704x576_q_704x576aggregate: 88.7892956481

cmd_0_8_SOCCER_704x576_vs_SOCCER_plr5_7_4109_704x576_q_704x576aggregate: 79.2132470335

cmd_0_9_SOCCER_704x576_vs_SOCCER_plr0.1_9_7393_704x576_q_704x576aggregate: 99.7207160407

cmd_0_10_SOCCER_704x576_vs_SOCCER_plr1_3_5462_704x576_q_704x576aggregate: 98.9560659671

cmd_0_11_SOCCER_704x576_vs_SOCCER_plr3_10_4003_704x576_q_704x576aggregate: 92.5969446616

cmd_0_12_SOCCER_704x576_vs_SOCCER_plr0.4_8_167_704x576_q_704x576aggregate: 99.7368415401

