cmd_0_0_PARKJOY_704x576_vs_PARKJOY_plr0.4_5_8022_704x576_q_704x576aggregate: 99.9558590591

cmd_0_1_PARKJOY_704x576_vs_PARKJOY_plr1_5_8022_704x576_q_704x576aggregate: 99.4851838092

cmd_0_2_PARKJOY_704x576_vs_PARKJOY_plr0.4_6_6859_704x576_q_704x576aggregate: 99.964724337

cmd_0_3_PARKJOY_704x576_vs_PARKJOY_plr0.1_7_4109_704x576_q_704x576aggregate: 99.9897106736

cmd_0_4_PARKJOY_704x576_vs_PARKJOY_plr3_3_5462_704x576_q_704x576aggregate: 93.1487310064

cmd_0_5_PARKJOY_704x576_vs_PARKJOY_704x576_q_704x576aggregate: 99.9897106736

cmd_0_6_PARKJOY_704x576_vs_PARKJOY_plr0.1_4_4374_704x576_q_704x576aggregate: 99.9897106736

cmd_0_7_PARKJOY_704x576_vs_PARKJOY_plr1_10_4003_704x576_q_704x576aggregate: 98.4754889446

cmd_0_8_PARKJOY_704x576_vs_PARKJOY_plr3_7_4109_704x576_q_704x576aggregate: 95.8129795701

cmd_0_9_PARKJOY_704x576_vs_PARKJOY_plr10_7_4109_704x576_q_704x576aggregate: 70.2244931785

cmd_0_10_PARKJOY_704x576_vs_PARKJOY_plr10_8_167_704x576_q_704x576aggregate: 61.9601450771

cmd_0_11_PARKJOY_704x576_vs_PARKJOY_plr5_9_7393_704x576_q_704x576aggregate: 89.0112440327

cmd_0_12_PARKJOY_704x576_vs_PARKJOY_plr5_10_4003_704x576_q_704x576aggregate: 84.9374621644

