cmd_0_0_HARBOUR_704x576_vs_HARBOUR_plr5_9_7393_704x576_q_704x576aggregate: 83.164476063

cmd_0_1_HARBOUR_704x576_vs_HARBOUR_plr5_7_4109_704x576_q_704x576aggregate: 76.7563600616

cmd_0_2_HARBOUR_704x576_vs_HARBOUR_704x576_q_704x576aggregate: 99.9913692731

cmd_0_3_HARBOUR_704x576_vs_HARBOUR_plr0.1_9_7393_704x576_q_704x576aggregate: 99.1240238879

cmd_0_4_HARBOUR_704x576_vs_HARBOUR_plr10_7_4109_704x576_q_704x576aggregate: 67.8361173967

cmd_0_5_HARBOUR_704x576_vs_HARBOUR_plr3_5_8022_704x576_q_704x576aggregate: 85.3503229942

cmd_0_6_HARBOUR_704x576_vs_HARBOUR_plr1_8_167_704x576_q_704x576aggregate: 96.7600316212

cmd_0_7_HARBOUR_704x576_vs_HARBOUR_plr1_3_5462_704x576_q_704x576aggregate: 97.2468116086

cmd_0_8_HARBOUR_704x576_vs_HARBOUR_plr0.4_1_8552_704x576_q_704x576aggregate: 99.8462843841

cmd_0_9_HARBOUR_704x576_vs_HARBOUR_plr0.4_9_7393_704x576_q_704x576aggregate: 99.2595054457

cmd_0_10_HARBOUR_704x576_vs_HARBOUR_plr0.1_1_8552_704x576_q_704x576aggregate: 99.9888797068

cmd_0_11_HARBOUR_704x576_vs_HARBOUR_plr10_5_8022_704x576_q_704x576aggregate: 58.3767042843

cmd_0_12_HARBOUR_704x576_vs_HARBOUR_plr3_3_5462_704x576_q_704x576aggregate: 89.138036678

