cmd_0_0_ICE_704x576_vs_ICE_plr1_5_8022_704x576_q_704x576aggregate: 97.4240797887

cmd_0_1_ICE_704x576_vs_ICE_plr10_5_8022_704x576_q_704x576aggregate: 61.7789233468

cmd_0_2_ICE_704x576_vs_ICE_plr10_3_5462_704x576_q_704x576aggregate: 65.5452177316

cmd_0_3_ICE_704x576_vs_ICE_plr0.1_1_8552_704x576_q_704x576aggregate: 99.9505740688

cmd_0_4_ICE_704x576_vs_ICE_plr0.4_5_8022_704x576_q_704x576aggregate: 99.6570140616

cmd_0_5_ICE_704x576_vs_ICE_plr5_3_5462_704x576_q_704x576aggregate: 83.3379077977

cmd_0_6_ICE_704x576_vs_ICE_plr3_3_5462_704x576_q_704x576aggregate: 86.3318455436

cmd_0_7_ICE_704x576_vs_ICE_plr1_8_167_704x576_q_704x576aggregate: 94.7366751973

cmd_0_8_ICE_704x576_vs_ICE_plr0.4_2_2081_704x576_q_704x576aggregate: 99.5225774963

cmd_0_9_ICE_704x576_vs_ICE_704x576_q_704x576aggregate: 99.9891919339

cmd_0_10_ICE_704x576_vs_ICE_plr3_2_2081_704x576_q_704x576aggregate: 92.3618904885

cmd_0_11_ICE_704x576_vs_ICE_plr5_5_8022_704x576_q_704x576aggregate: 77.456899837

cmd_0_12_ICE_704x576_vs_ICE_plr0.1_7_4109_704x576_q_704x576aggregate: 99.9087801824

