cmd_0_0_CROWDRUN_704x576_vs_CROWDRUN_plr10_4_4374_704x576_q_704x576aggregate: 54.791487665

cmd_0_1_CROWDRUN_704x576_vs_CROWDRUN_plr3_9_7393_704x576_q_704x576aggregate: 87.7357335015

cmd_0_2_CROWDRUN_704x576_vs_CROWDRUN_plr0.4_5_8022_704x576_q_704x576aggregate: 99.9852456607

cmd_0_3_CROWDRUN_704x576_vs_CROWDRUN_plr1_10_4003_704x576_q_704x576aggregate: 97.4315357663

cmd_0_4_CROWDRUN_704x576_vs_CROWDRUN_plr0.1_6_6859_704x576_q_704x576aggregate: 99.9897120296

cmd_0_5_CROWDRUN_704x576_vs_CROWDRUN_plr0.4_6_6859_704x576_q_704x576aggregate: 98.8469280563

cmd_0_6_CROWDRUN_704x576_vs_CROWDRUN_plr0.1_4_4374.264_704x576_q_704x576aggregate: 99.9897120296

cmd_0_7_CROWDRUN_704x576_vs_CROWDRUN_plr5_2_2081_704x576_q_704x576aggregate: 74.0037669064

cmd_0_8_CROWDRUN_704x576_vs_CROWDRUN_plr10_7_4109_704x576_q_704x576aggregate: 59.6390006996

cmd_0_9_CROWDRUN_704x576_vs_CROWDRUN_plr0.1_4_4374_704x576_q_704x576aggregate: 99.9897120296

cmd_0_10_CROWDRUN_704x576_vs_CROWDRUN_plr1_8_167_704x576_q_704x576aggregate: 98.9913244532

cmd_0_11_CROWDRUN_704x576_vs_CROWDRUN_plr3_13_8297_704x576_q_704x576aggregate: 92.4548774

cmd_0_12_CROWDRUN_704x576_vs_CROWDRUN_plr5_4_4374_704x576_q_704x576aggregate: 86.290048788

cmd_0_13_CROWDRUN_704x576_vs_CROWDRUN_704x576_q_704x576aggregate: 99.9897120296

