cmd_0_0_DUCKSTAKEOFF_704x576_vs_DUCKSTAKEOFF_plr1_3_5462_704x576_q_704x576aggregate: 99.4347215415

cmd_0_1_DUCKSTAKEOFF_704x576_vs_DUCKSTAKEOFF_plr0.1_3_5462_704x576_q_704x576aggregate: 99.9683347515

cmd_0_2_DUCKSTAKEOFF_704x576_vs_DUCKSTAKEOFF_plr3_26_1825_704x576_q_704x576aggregate: 94.7139726571

cmd_0_3_DUCKSTAKEOFF_704x576_vs_DUCKSTAKEOFF_plr5_9_7393_704x576_q_704x576aggregate: 76.6345939263

cmd_0_4_DUCKSTAKEOFF_704x576_vs_DUCKSTAKEOFF_plr0.1_5_8022_704x576_q_704x576aggregate: 99.989712215

cmd_0_5_DUCKSTAKEOFF_704x576_vs_DUCKSTAKEOFF_plr5_19_3693_704x576_q_704x576aggregate: 66.2880601648

cmd_0_6_DUCKSTAKEOFF_704x576_vs_DUCKSTAKEOFF_plr3_4_4374_704x576_q_704x576aggregate: 82.4505429142

cmd_0_7_DUCKSTAKEOFF_704x576_vs_DUCKSTAKEOFF_plr10_1_8552_704x576_q_704x576aggregate: 52.4828912852

cmd_0_8_DUCKSTAKEOFF_704x576_vs_DUCKSTAKEOFF_plr10_7_4109_704x576_q_704x576aggregate: 57.4020862595

cmd_0_9_DUCKSTAKEOFF_704x576_vs_DUCKSTAKEOFF_plr1_10_4003_704x576_q_704x576aggregate: 97.7448645063

cmd_0_10_DUCKSTAKEOFF_704x576_vs_DUCKSTAKEOFF_plr0.4_9_7393_704x576_q_704x576aggregate: 99.7972392195

cmd_0_11_DUCKSTAKEOFF_704x576_vs_DUCKSTAKEOFF_plr0.4_2_2081_704x576_q_704x576aggregate: 99.773967596

cmd_0_12_DUCKSTAKEOFF_704x576_vs_DUCKSTAKEOFF_704x576_q_704x576aggregate: 99.989712215

